Rnew_bats/Bats_data_products/bb.asc
NCOLS 434 
NROWS 250 
XLLCORNER -121.69454516 
YLLCORNER 39.36708274 
CELLSIZE 0.00381074763999997 
NODATA_value -9999 
[rows 33 to 65 of 250, columns 225 to 299 of 434]
5.8959012508378 5.52390533871055 5.49380474366931 6.54560142351552 7 6.84404731629965 6.52956019817284 6.95075570489157 5.08520085914228 3.61811870375786 3.80966965643884 5.52030436428054 5.28652421325714 3.314457280292 3.19340640716778 3.78106297465651 3.9215626231443 4.55113609575467 6.38531573314044 7 7 7 7 7 4.58659594906643 3.63371276461887 5.35044664029201 5.66496656915479 4.3676396202121 4.16354495253812 3.40542143466102 2.04670627616089 2.22473890959902 3.62671393093249 4.17555303654383 4.80279470186299 5.85557949357796 6.98788276344401 5.16359015196177 4.44749468549711 5.39714024320774 6.50780953782584 4.74646435994363 4.53239307676566 6.06052855141567 7 6.8181707165182 6.24943855365228 6.87527559459987 7 7 6.59718172202751 5.39732154205546 5.59009220611014 5.81729527444957 6.26930459850118 6.0315146002018 4.08911578092369 1.28280999116879 0.272600714830927 0.144395957179003 1.46657573649091 4.64470667974585 6.71539205077838 7 6.13043373405093 5.76825116427779 6.9285996230944 6.40065429595482 6.59245428806767 6.39160913625048 6.35162110121243 6.89820585433552 6.83429128621784 1.98941941689119
5.93358145695178 5.68177834704309 6.35801921434556 6.8261549715758 7 6.87340582390892 6.45013082450464 5.39378722709857 5.02541448448562 5.17377458528588 5.77156589617931 6.2441145233598 3.59670755932913 2.18629668684288 3.77027798993955 5.60185815711082 5.57179230046038 5.64292207824499 6.16274433371989 6.69518499456527 7 7 7 5.96981596202067 3.22672799776126 2.0919898013776 3.38259851519193 2.88860019755772 2.41463932511372 1.86406437752541 3.07860746890229 4.8445944133905 1.08891632854471 2.18088300996316 3.3788796675935 3.7972570947392 4.15573705354718 6.99166569548738 6.64267289187766 5.48827597830311 5.68989296553273 6.91326006586992 6.5632524853576 4.47660263938204 5.86243990441285 7 6.58545475625882 5.22793171687576 6.69568851612169 7 7 6.51201871488941 4.96635159066493 4.38576458366594 4.92112046551987 6.05372938404241 6.93590690840449 6.45270834748379 2.53663966409191 0.62364851599795 0 0.357806618040799 1.29808059681863 1.49111782728826 0.860459568883397 0.462780624865095 1.76469819582329 4.95296707904068 3.43535414867336 2.5655476685859 4.15698192808695 6.31026902942777 7 7 3.35081873325416
6.57482793757977 6.97125459673488 6.64516496392603 6.87062945850649 5.5435693125085 4.797110281444 6.90203838076159 6.00760953907761 6.66370357954789 7 7 6.51728639075162 2.76220913577525 1.8628236630199 4.24015331939234 6.56682882568356 6.35662079395025 6.66500036761196 6.19197630938393 6.52969835683615 7 7 7 3.87839724512685 3.42474177060545 3.29062389954008 1.88477362623537 1.27431908963365 1.81629257669966 1.871060283454 2.55205234292476 4.17825560118211 5.68525499341076 5.93104289215874 6.23714860131649 4.80098590761213 2.62970657056277 4.51889254952409 4.52497524764342 3.80986625917683 3.79208416392756 4.47275888357273 4.4524816308857 4.08326645265822 5.84030103268398 7 6.36803027966657 4.17063094602485 5.77179380375864 6.11259251083665 4.55866261738295 2.88580461877837 4.16514717156962 5.54811990869629 4.10936935964599 4.88946555161305 7 6.98013372778175 6.7227625119719 2.87857617638076 0.504069783664608 0.527666163046468 2.02668778728134 2.80428556414764 0.93682835064994 0 0.0342422947650011 0.180017928779215 0.926441543497186 0.320987484514217 0.0172762570408652 1.52066136756876 4.88792595947918 4.08836506085924 3.29639071706689
5.79069946937906 7 7 7 5.57283030675623 4.81233412332611 7 7 7 7 7 6.55710197063452 2.77247751086906 3.59186347854655 5.59729756559285 6.91691059030282 6.76582458487482 6.97803231088265 6.8202527877326 6.09498276962578 5.97004201649171 6.60616211530366 4.1112935984315 3.64554875736141 3.91830598805626 3.45223355198231 1.85500916921476 1.0516188304746 1.75177175769576 2 2.06265919033078 2.95107360528442 6.83231924226369 7 7 6.72847691381101 6.04801768392075 4.89321742995603 3.50113629556975 5.12077946390501 6.58412106387265 6.67146635146878 6.68867896854589 5.25790658975685 5.62565185786282 6.08675481052422 6.22490398315499 6.74572035343171 5.38023708610285 3.89884579097699 4.28016247349896 6.02778119909976 6.85867744384236 6.94322474374885 6.89066829421919 6.9284795570457 6.2794590804049 4.21211038201689 6.56798430094054 6.30628988406184 3.22139113883218 0.000472650811633818 0.0276792594963178 0.0164415924175589 0.00465621802559392 0 0 0.0147341125691572 0.181428990474216 0.0721864339656942 0.967131326341441 2.53253837512956 3.89332640694473 3.88385342464567 3.91889060839663
2.11784673844204 3.76162272794679 6.49849337485401 5.16661109290413 4.88607182718383 6.05199762144646 7 7 7 5.58753038199924 4.86119555243255 6.44467956141581 1.20819769661996 4.66490333741089 6.76946499771132 7 6.91954274119053 6.28322139754639 6.76819499130295 5.14953116136626 4.52403602985572 6.42342891740731 2.5473850168358 5.30827555063831 4.29267613495177 1.92928303751759 1.24679636799264 1.81246724504866 1.96438609740351 1.52551397143069 2.0451966449897 3.58079770125452 2.623621047005 5.93414451139766 4.97409798776747 4.05065657381879 4.99451404907946 4.11223351167772 6.1063039799243 6.87778669529657 7 7 7 6.92049249701922 6.93789813773168 6.96132444898181 6.37747613960686 4.10819242273897 6.41395862547805 6.34114885905303 6.3956197612751 6.99571886567134 7 6.98244684374481 6.97764727370881 6.94921469898599 6.42835693936034 5.11093767619744 6.6716177922946 6.9870917118109 7 7 6.65241572168195 2.06364881243794 0.519503020984567 0.134724005094495 0.144649595361703 0.609141606261203 5.30681478315317 2.13036547998748 0.81067882611082 1.60968430286362 2.38642625241849 2.23388621513514 2.69016168602745
1.33968351990642 5.6177616716113 4.92633704956688 5.55286641002683 6.34357154001324 5.85008880748898 3.39953917448262 6.46997235747922 7 6.59790275057915 4.881630537305 1.29604150207354 0.162665123709853 3.67367744714866 6.15924729948083 6.52000529892191 5.31887951314236 5.17724070780878 4.6695413896092 3.71529249295168 2.90965970715716 2.79203452573155 3.64924037378397 4.82496012958952 4.46814764532517 4.32447750683544 5.03512322829482 2.23832773877775 2 2.4477781604345 2.92358552747204 3.32231856436722 4.71319146851833 6.46132106187655 4.7739257342749 4.40509036057486 6.90799353015486 6.8913277369031 6.97881472738276 7 7 7 7 7 7 6.20302584813059 5.3605202560165 6.91755940225304 6.853362130755 6.92569339539484 6.20626395014685 5.48891042209584 6.87915343979038 3.83180011720177 4.83385176231935 3.74253163484622 2.16527958543366 5.98909975535742 5.73185194765741 6.24883473382856 6.54924950871062 6.57135287721454 6.63412207925469 5.64549630808655 3.09607592923595 2.20623744234351 2.60206430007651 2.86744865626807 5.58089113616169 4.73498498359834 3.93766316214934 4.23981738195724 5.41371514202976 4.1656089488763 3.161458421141
1.25086230302784 5.44633846202532 5.54807259560566 4.96894003057776 3.8919066818809 2.92728031199176 2.86043151332776 3.58709257174805 5.86607933226773 4.30950343141149 0.819706079024053 0.115025811972368 1.48876674902697 5.09630061201189 6.86186455461701 6.18973570902743 3.89350837139651 1.74636172298471 4.4458362261388 6.19771646220884 4.96977715431763 1.19875848006732 2.05986262567621 2.20076639592242 3.60472453387126 5.27507641448335 5.51769227638119 2.30362540297449 2.69646391962529 5.02946766090792 6.87790992384406 6.90903506402342 6.96112285342017 6.9937123858152 6.98608128317799 6.99902328485777 6.99530999570953 6.99953347977183 6.25042000767548 6.57635673839546 6.98928919096141 6.30195930444792 3.24970726814484 6.09006751299739 6.95685168306727 5.53935381263826 3.24035503806543 3.20641356195748 1.74512723754292 4.52818469425728 6.6084398764422 6.44769060264349 5.71524919739785 5.94387510626337 4.20872609428466 2.45638703501814 2.5055342294828 5.54231640199552 3.13591781861362 2.66541226969098 2.32601513774397 2.27433464092183 3.44075324509397 1.50937502872556 1.6772856154882 4.27934185914892 7 6.94631202375133 6.28640002404411 5.63430636228377 3.9494743373273 2.44948026363517 2.73633081795114 4.01932046129853 6.13317477158661
0.1983069446171 0.870156878783388 0.968376044664575 2.34512999223619 2.65191464409681 2.23776310124717 2.89320349705833 0.798731445816842 0.697416215891061 0.452184323661599 0 0.171094737142584 2.50368522817529 5.63441985289887 7 6.93627119807512 6.62736253140764 4.9884816754156 2.38931348577619 1.28318371856822 1.47001400976858 2.0559098835127 2.86585217233669 1.60696453192088 3.52640041969286 6.29548677955417 6.43146997481472 2.41993433811755 2.0052761126393 4.59112556760553 6.27031667158223 4.80804132621812 4.06030215326078 5.50106976079934 6.53750059915478 6.64068319586985 6.19373828465366 6.95448152155455 6.90121145864166 6.89731687680908 6.53275384486803 6.02767992515177 6.96399163184935 5.59978243373369 6.23771114408829 7 6.83675954191949 6.12804991127711 6.02558896745089 3.69856019181791 2.69035527337174 3.55501165934158 3.5896318010563 5.66125432772453 4.6460654955259 4.31120642776715 4.62342576831677 2.75387313042671 6.09922805789137 6.59054340725029 4.56666768387512 2.14874227754716 2.21200354207758 2.8837200177538 5.60304690562605 7 6.88954611246181 6.58287928217914 6.93755578437237 6.38412794935454 5.09095396822561 3.57593224389846 2.70467295801334 5.14094761030123 6.52853945042431
0 0 0 2.41714158802834 2.32810361607408 0.216652558397399 0.262159605288032 0.0410682042606509 0 0 0 0.103466195765516 1.75016026261842 4.04363882722989 4.18372590315679 4.14601496241954 6.86338965969141 5.25619284848332 4.97296926628993 5.94073958740691 5.30462547438276 1.09403186381956 1.87763324359292 1.31504653943495 1.01428399443391 2.22366404968559 4.88183434488375 3.36419068429555 3.02361187032142 2.60933159374634 2.3073157152684 2.52280961199472 4.09099730573442 6.13425089686692 6.4308932699632 6.40025843446779 6.97145038475523 6.79681122389673 5.61731856632663 5.72403160945357 5.50444586854862 4.80556511842558 6.90143708867071 6.7820406244781 6.87244493370655 7 7 7 6.34994681980445 4.51766020061699 4.78417992735542 7 7 7 4.46533918058461 2.16894410460163 1.44048498594711 2.37579762256311 5.52439102979319 5.26854271822872 5.6836731916725 7 7 7 7 7 6.63452167423815 5.58729172132001 6.32084242735499 4.90911531331794 4.46828486512342 5.43566570143574 7 7 7
0 0 0 0.154406455615024 0.130942940159354 0 0 0 0 0 0 0.0418878008584002 0.846446065221913 1.6454612476743 4.24514598650627 6.72118103364776 5.85026714652862 3.52317148366407 4.41017635651569 5.96492553230777 5.67043306606896 2.094343539586 1.30985784775726 1.75149621857181 1.54851723649068 2.71682617425711 6.61817256308821 6.3618181091276 3.62898405094056 4.80067337622904 6.47720951486945 5.40909660650585 6.27823429257816 4.99224528544142 5.28158400616808 5.99278810006198 5.72578011985101 4.32903769091995 5.43272289972434 5.82801642827773 5.78738879287136 5.74698727056482 5.70681186148724 4.43937389570399 5.14293671801302 6.21236228581543 6.65537122140046 6.98838065770653 7 5.71003976964263 5.6258819209017 7 7 7 6.55195959731316 4.54572132316185 3.02779530847935 7 7 7 7 7 7 7 7 7 7 6.93761204279602 5.84931395228408 6.53331447964102 7 7 7 7 7
0 0 0 0 0 0 0 0 0 0 0 0.0314697843232097 0.797482898868952 1.04903302114398 2.73556725672596 5.19596246374273 6.56883663994292 6.65825846965901 5.99676753134854 6.04879700121673 6.05170743476213 4.73404451137841 4.09835341095814 2.64605885376449 1.88023874157872 1.98538798628785 2.36075756555274 0.278299708237952 4.13982893855283 5.91008399357789 4.09079975415501 0.177154444207413 1.50357420508884 1.05463959809679 0.39273647010315 0 0 0 0 0 0 0 0 0.179077082301838 1.35301158886993 2.87675825087391 4.21900046628683 5.38265492143548 6.63074528438946 4.96970813488461 4.46990273954729 6.30391337030671 6.98608339499829 6.76856767884522 6.52389319154414 4.65657047877895 2.99342399640271 7 7 7 7 7 7 7 7 7 7 7 7 7 6.82865582761366 6.71264882597482 7 7 5.67148119557042
0 0 0 0 0 0 0 0 0 0 0 0.00211206031579656 0.0783739673923112 2.05973074299371 2.29865446506847 1.16938429253908 1.42818493517242 2.64346941242363 2.30294184054492 2.2554807126324 2.73258796152114 3.16782023328915 3.3329973546519 2.21965749757641 0.872939512178708 0 0 0 0 0 0 0 0 0 0 0 0 0 0 0 0 0 0 0.530226506215578 1.48190586099368 1.92716538532892 1.60714643232804 1.61830327106371 5.72149567629091 5.07729792965123 4.00634183566878 4.95237256951219 6.28863932691178 6.33627660187067 5.96589327837098 4.67784459835188 3.82681453067689 6.98257780824669 7 7 7 7 7 7 7 7 7 7 7 5.91468807337961 5.79332520942465 6.57378607103444 7 7 3.7047068814346
0 0 0 0 0 0 0 0 0 0 0 0.0235302816990033 1.28674392286944 3.43736317531673 3.51842466122006 2.69825989591267 4.41667220024352 2.26255126802495 2.05164386088932 3.46569705240271 4.57392890468829 3.02423023309574 0.45400494683649 0 0 0 0 0 0 0 0 0 0 0 0 0 0 0 0 0 0 0 0 0 0 1.03023017835508 3.05176117296955 3.33973479048909 4.46500481866479 4.79010579636137 4.66577318297158 4.50588500136831 4.61069031785878 6.45891270418452 7 6.54315824120457 6.03172017911741 6.98670945706999 7 7 7 6.82391354119516 6.13252328893114 6.83321028212954 7 7 7 7 7 5.66042204760774 5.82313923026477 7 6.91173454108161 5.33237359083058 3.04718547704398
0 0 0 0 0 0 0 0 0 0 0.251692550175342 1.31552230298596 4.61418680693714 3.91678955251733 3.09754305257835 4.05087039853205 6.86358594264364 2.58124134890734 2.08217644915196 1.62236946618376 0.574460471686396 0 0 0 0 0 0 0 0 0 0 0 0 0 0 0 0 0 0 0 0 0 0 0 0 1.00821700032356 3.13988846141637 3.94370481428955 3.29324991148349 1.7045752175103 0.783408637482733 1.53117324684525 3.47670423127947 6.19756016582345 7 7 7 7 7 7 7 6.79498680141545 5.97039733734177 6.01190926020501 6.61232508460773 7 7 7 7 7 7 7 6.8642051558651 4.08242441490553 2.19349003606358
0 0 0 0 0 0 0 0 0 0.511857890744624 2.44774591523266 6.98708826830525 7 7 5.66900726763546 4.43555876613492 6.93115458480594 3.64444723529915 1.08317554063888 0 0 0 0 0 0 0 0 0 0 0 0 0 0 0 0 0 0 0 0 0 0 0 0 0 0 0.550025326173948 1.72953005336994 2.1513842464075 3.64454754299583 1.88799237886868 0.163578487247249 1.14777926116532 4.72693157679282 6.50600978851443 7 7 7 7 7 7 7 7 7 5.40356691540182 6.20415729539469 7 6.88390760653372 6.41121037558198 4.5951872870978 4.15979441257072 5.35370959705246 6.60292691757 5.17290496181222 3.2192743207172 2.03177814186642
0 0 0 0 0 0 0 0 0 1.6766274094037 4.5939506498359 5.58401358346478 5.33704236441785 5.76334968294518 5.33877562841049 4.35541857426755 4.76455202708247 0.893350400893308 0 0 0 0 0 0 0 0 0 0 0 0 0 0 0 0 0 0 0 0 0 0 0 0 0 0 0 0.15761043660021 0.433856019277711 0.0355132100371965 1.46619728917376 0.926000601560812 0.340900974877551 1.79299932549564 6.19036364970101 5.66125844539127 6.28189476764949 7 6.909570927176 6.46205703511442 6.87219831061429 7 7 7 7 6.34525673686809 6.66955140191383 7 6.79664961572387 5.97537861584062 3.25121377371668 2.61615949263449 4.45567119856289 6.33137044262528 3.96332352340704 2.86636898444152 1.82771405839749
0 0 0 0 0 0 0 0 0 0 0.239056147496806 1.31641819552176 0.808365208660917 2.02018214928454 3.5839824468818 3.62988799012714 0.000760161449585758 0 0 0 0 0 0 0 0 0 0 0 0 0 0 0 0 0 0 0 0 0 0 0 0 0 0 0 0 0.144936128825756 0.402086401514861 0.0351485832536301 0.645681960955114 0.413033035670431 0.333773827822706 1.60985485123344 5.16486101313882 5.66354878987277 6.44304495025201 6.3709488455553 5.32983453882618 5.96867598771194 6.29928583644302 6.73547538570767 7 7 7 7 5.86979662554637 5.82606768149961 6.93100264641594 6.65363548793303 5.83710448548435 4.44400275812559 5.04372711461677 6.05810896434217 2.70584359451262 5.18967212073391 4.06312518349192
0 0 0 0 0 0 0 0 0 0 0 0 0 0.353418865951562 0.372101692285152 0 0 0 0 0 0 0 0 0 0 0 0 0 0 0 0 0 0 0 0 0 0 0 0 0 0 0 0 0 0 0 0 0 0 0 0.125966824485919 0.57884359522038 1.77582273886772 5.65300393838963 7 5.96026722636332 4.00907102817015 4.04245440960338 5.0256218352444 5.15519218932069 5.73159873965493 7 7 7 6.45434943848555 6.43443606963109 7 7 7 6.48024795511095 5.62200082595103 4.69337756235562 4.18964757571942 4.69441295414186 3.84056263941023
0 0 0 0 0 0 0 0 0 0 0 0 0 0 0 0 0 0 0 0 0 0 0 0 0 0 0 0 0 0 0 0 0 0 0 0 0 0 0 0 0 0 0 0 0 0 0 0 0 0 0 0 0 1.64523343513781 2.21132421700082 2.7942677686254 4.25560042655784 5.70576325612012 6.26400686092457 5.47017251364215 5.53750901602024 7 7 7 7 7 7 7 7 7 5.18717398072856 2.82103112955739 4.21053192181977 2.77482700098417 3.74848560299607
0 0 0 0 0 0 0 0 0 0 0 0 0 0 0 0 0 0 0 0 0 0 0 0 0 0 0 0 0 0 0 0 0 0 0 0 0 0 0 0 0 0 0 0 0 0 0 0 0 0 0 0 0 0 0.774213508764249 3.05148146886173 6.33405669504739 6.95532683315021 7 6.73482991333211 6.69423855309033 6.8791646071967 6.2560958386617 6.81719316906678 7 7 7 7 7 7 5.03083765859722 1.90996948299842 1.53006653507509 1.23896956203299 1.4740164687141
0 0 0 0 0 0 0 0 0 0 0 0 0 0 0 0 0 0 0 0 0 0 0 0 0 0 0 0 0 0 0 0 0 0 0 0 0 0 0 0 0 0 0 0 0 0 0 0 0 0 0 0 0 0 0.229187757801472 2.56978049346178 7 7 5.81679383460501 4.94929170476238 5.4082098268609 6.97244609961626 6.83010202232957 6.95828373326989 7 7 7 7 7 7 5.73010875962815 3.70727736061501 3.61417706783988 0.825169902325159 0.119339678236549
0 0 0 0 0 0 0 0 0 0 0 0 0 0 0 0 0 0 0 0 0 0 0 0 0 0 0 0 0 0 0 0 0 0 0 0 0 0 0 0 0 0 0 0 0 0 0 0 0 0 0 0 0 0 2.55880155367524 5.10793434382044 5.32180683163348 5.31129059098262 6.32354090528432 6.63177449172415 6.7225413548759 7 7 7 7 7 7 7 4.91290235812947 5.85192747925674 6.89679465728632 6.40455998529216 4.93850681625626 1.01564801955934 0
0 0 0 0 0 0 0 0 0 0 0 0 0 0 0 0 0 0 0 0 0 0 0 0 0 0 0 0 0 0 0 0 0 0 0 0 0 0 0 0 0 0 0 0 0 0 0 0 0 0 0 0 0 3.06510395971587 4.75900859444104 4.80606416233308 4.21585749808658 4.92894870291911 6.44917546669775 7 7 7 7 4.93467869770332 5.23564196652957 6.39700783462819 7 7 6.88087203631153 6.93956953119051 6.28161031770753 4.19872024389462 0.244043821018246 0.0294959909882651 0
0 0 0 0 0 0 0 0 0 0 0 0 0 0 0 0 0 0 0 0 0 0 0 0 0 0 0 0 0 0 0 0 0 0 0 0 0 0 0 0 0 0 0 0 0 0 0 0 0 0 0 0 0 2.84254372635125 4.0752442507419 4.61608298046964 5.77555288222243 5.07617814036939 6.43559495994048 6.50351649766404 6.35577989978802 7 7 6.93681971026516 6.95509804152116 5.96475000825366 4.19017078383372 4.9734689415045 6.52217305914943 6.99878861433283 4.78178764350874 0.818085050915283 0.0224640753961462 0 0
0 0 0 0 0 0 0 0 0 0 0 0 0 0 0 0 0 0 0 0 0 0 0 0 0 0 0 0 0 0 0 0 0 0 0 0 0 0 0 0 0 0 0 0 0 0 0 0 0 0 0 0 0 3.42560862319301 5.93388400019466 6.36431282585774 4.8132918131616 3.20796225075441 3.72728217994467 5.5466282421591 6.68181894032549 6.12863965794215 6.888589153367 6.95545365906189 5.89048047458502 5.3214300138337 6.00503307102578 6.03758488809883 6.04448488911409 5.96671569196048 3.75643782466694 0 0 0 0
0 0 0 0 0 0 0 0 0 0 0 0 0 0 0 0 0 0 0 0 0 0 0 0 0 0 0 0 0 0 0 0 0 0 0 0 0 0 0 0 0 0 0 0 0 0 0 0 0 0 0 0 0 0 0 0.0537476880809383 0.215535174584644 0.191962355769065 4.99184169996124 6.95185560115253 6.91142883659115 6.60430597053882 4.28833120058448 4.64601621341444 4.44001180510769 4.74680964201558 6.21011798420286 6.94813256865315 6.86152047001026 5.31100690305088 2.64139850489844 0 0 0 0
0 0 0 0 0 0 0 0 0 0 0 0 0 0 0 0 0 0 0 0 0 0 0 0 0 0 0 0 0 0 0 0 0 0 0 0 0 0 0 0 0 0 0 0 0 0 0 0 0 0 0 0 0 0 0 1.84199887037155 6.27815450906477 4.77037964303805 6.13231928926899 5.94918550104862 5.3451784608535 5.80707905367106 5.17710759603257 3.76080668425538 4.28920415560164 5.7839846755615 6.88639017951622 6.99140347610061 4.99612655770157 4.27173210251991 2.76158003903353 0 0 0 0
0 0 0 0 0 0 0 0 0 0 0 0 0 0 0 0 0 0 0 0 0 0 0 0 0 0 0 0 0 0 0 0 0 0 0 0 0 0 0 0 0 0 0 0 0 0 0 0 0 0 0 0 0 0 0 0 0 0 2.97512703126644 4.77687537741116 4.95656247297596 4.43015157552411 5.97977589124283 5.56835367332762 6.19752695493777 6.73447983025831 6.28245629339081 6.94314525880461 1.99568560216147 0.0893170303214361 0 0 0 0 0
0 0 0 0 0 0 0 0 0 0 0 0 0 0 0 0 0 0 0 0 0 0 0 0 0 0 0 0 0 0 0 0 0 0 0 0 0 0 0 0 0 0 0 0 0 0 0 0 0 0 0 0 0 0 0 0 0 0 0 0.394647683325834 0.567958542238778 0.542899595824166 5.00393049918463 6.56335094449657 6.22347016373714 5.44403599686355 5.40925271336375 5.3746957697893 2.00631124715481 0.354142221196394 0 0 0 0 0
0 0 0 0 0 0 0 0 0 0 0 0 0 0 0 0 0 0 0 0 0 0 0 0 0 0 0 0 0 0 0 0 0 0 0 0 0 0 0 0 0 0 0 0 0 0 0 0 0 0 0 0 0 0 0 0 0 0 0 0 0 0 0 3.62155521987363 2.55031747030564 0 0 0 0 0 0 0 0 0 0
0 0 0 0 0 0 0 0 0 0 0 0 0 0 0 0 0 0 0 0 0 0 0 0 0 0 0 0 0 0 0 0 0 0 0 0 0 0 0 0 0 0 0 0 0 0 0 0 0 0 0 0 0 0 0 0 0 0 0 0 0 0 0 0 0 0 0 0 0 0 0 0 0 0 0
0 0 0 0 0 0 0 0 0 0 0 0 0 0 0 0 0 0 0 0 0 0 0 0 0 0 0 0 0 0 0 0 0 0 0 0 0 0 0 0 0 0 0 0 0 0 0 0 0 0 0 0 0 0 0 0 0 0 0 0 0 0 0 0 0 0 0 0 0 0 0 0 0 0 0
0 0 0 0 0 0 0 0 0 0 0 0 0 0 0 0 0 0 0 0 0 0 0 0 0 0 0 0 0 0 0 0 0 0 0 0 0 0 0 0 0 0 0 0 0 0 0 0 0 0 0 0 0 0 0 0 0 0 0 0 0 0 0 0 0 0 0 0 0 0 0 0 0 0 0
