Rnew_bats/Bats_data_products/bb.asc
NCOLS 434 
NROWS 250 
XLLCORNER -121.69454516 
YLLCORNER 39.36708274 
CELLSIZE 0.00381074763999997 
NODATA_value -9999 
[rows 0 to 32 of 250, columns 225 to 299 of 434]
-9999 -9999 -9999 -9999 -9999 -9999 -9999 -9999 -9999 -9999 -9999 -9999 -9999 -9999 -9999 -9999 -9999 -9999 -9999 -9999 -9999 -9999 -9999 -9999 -9999 -9999 -9999 -9999 -9999 -9999 -9999 -9999 -9999 -9999 -9999 -9999 -9999 -9999 -9999 -9999 -9999 -9999 -9999 -9999 -9999 -9999 -9999 -9999 -9999 -9999 -9999 -9999 -9999 -9999 -9999 -9999 -9999 -9999 -9999 -9999 -9999 -9999 -9999 -9999 -9999 -9999 -9999 -9999 -9999 -9999 -9999 -9999 -9999 -9999 -9999
-9999 -9999 -9999 -9999 -9999 -9999 -9999 -9999 -9999 -9999 -9999 -9999 -9999 -9999 -9999 -9999 -9999 -9999 -9999 -9999 -9999 -9999 -9999 -9999 -9999 -9999 -9999 -9999 -9999 -9999 -9999 -9999 -9999 -9999 -9999 -9999 -9999 -9999 -9999 -9999 -9999 -9999 -9999 -9999 -9999 -9999 -9999 -9999 -9999 -9999 -9999 -9999 -9999 -9999 -9999 -9999 -9999 -9999 -9999 -9999 -9999 -9999 -9999 -9999 -9999 -9999 -9999 -9999 -9999 -9999 -9999 -9999 -9999 -9999 -9999
-9999 -9999 -9999 -9999 -9999 -9999 -9999 -9999 -9999 -9999 -9999 -9999 -9999 -9999 -9999 -9999 -9999 -9999 -9999 -9999 -9999 -9999 -9999 -9999 -9999 -9999 -9999 -9999 -9999 -9999 -9999 -9999 -9999 -9999 -9999 -9999 -9999 -9999 -9999 -9999 -9999 -9999 -9999 -9999 -9999 -9999 -9999 -9999 -9999 -9999 -9999 -9999 -9999 -9999 -9999 -9999 -9999 -9999 -9999 -9999 -9999 -9999 -9999 -9999 -9999 -9999 -9999 -9999 -9999 -9999 -9999 -9999 -9999 -9999 -9999
-9999 -9999 -9999 -9999 -9999 -9999 -9999 -9999 -9999 -9999 -9999 -9999 -9999 -9999 -9999 -9999 -9999 -9999 -9999 -9999 -9999 -9999 -9999 -9999 -9999 -9999 -9999 -9999 -9999 -9999 -9999 -9999 -9999 -9999 -9999 -9999 -9999 -9999 -9999 -9999 -9999 -9999 -9999 -9999 -9999 -9999 -9999 -9999 -9999 -9999 -9999 -9999 -9999 -9999 -9999 -9999 -9999 -9999 -9999 -9999 -9999 -9999 -9999 -9999 -9999 -9999 -9999 -9999 -9999 -9999 -9999 -9999 -9999 -9999 -9999
-9999 -9999 -9999 -9999 -9999 -9999 -9999 -9999 -9999 -9999 -9999 -9999 -9999 -9999 -9999 -9999 -9999 -9999 -9999 -9999 -9999 -9999 -9999 -9999 -9999 -9999 -9999 -9999 -9999 -9999 -9999 -9999 -9999 -9999 -9999 -9999 -9999 -9999 -9999 -9999 -9999 -9999 -9999 -9999 -9999 -9999 -9999 -9999 -9999 -9999 -9999 -9999 -9999 -9999 -9999 -9999 -9999 -9999 -9999 -9999 -9999 -9999 -9999 -9999 -9999 -9999 -9999 -9999 -9999 -9999 -9999 -9999 -9999 -9999 -9999
-9999 -9999 -9999 -9999 -9999 -9999 -9999 -9999 -9999 -9999 -9999 -9999 -9999 -9999 -9999 -9999 -9999 -9999 -9999 -9999 -9999 -9999 -9999 -9999 -9999 -9999 -9999 -9999 -9999 -9999 -9999 -9999 -9999 -9999 -9999 -9999 -9999 -9999 -9999 -9999 -9999 -9999 -9999 -9999 -9999 -9999 -9999 -9999 -9999 -9999 -9999 0 0 0 0 0 0 0 0 0 0 0 0 0 0 0 0 0 0 0 0 0 0 0 0
-9999 -9999 -9999 -9999 -9999 -9999 -9999 -9999 -9999 -9999 -9999 -9999 -9999 -9999 -9999 -9999 -9999 -9999 -9999 -9999 -9999 -9999 -9999 -9999 -9999 -9999 -9999 -9999 -9999 -9999 -9999 -9999 -9999 -9999 -9999 -9999 -9999 -9999 -9999 -9999 -9999 -9999 -9999 -9999 -9999 -9999 -9999 -9999 -9999 -9999 -9999 0 0 0 0 0 0 0 0 0 0 0 0 0 0 0 0 0 0 0 0 0 0 0 0
0 0 0 0 0 0 0 0 0 0 0 0 0 0 0 0 0 0 0 0.556518642723505 0.319520078962884 0 0 0 0 0 0 0 0 2.01416553868343 2.16418862994238 2.2205883386577 2.82118159977114 2.99924194040002 2.06288315902488 1.84998283336996 1.87367191454594 1.50858328006888 0 0 0 0 0 0 0 0 0 0 0 0 0 0 0 0 0 0 0 0 0 0 0 0 0 0 0 0 0 0 0 0 0 0 0 0 0
0 0 0 0 0 0 0 0 0 0 0 0 0 0 0 0.633993338514223 0.900616685447543 0.459295540885494 0.791580105739385 3.27203106831562 2.03458698374316 0.731113299279591 1.36227847460481 1.73282700072482 0.751116419157541 1.47544553221057 2.61847608627678 2.91013215412008 1.44693666539441 5.36030755602986 5.57362709436271 4.40638913858225 3.70019605285642 4.48405083113459 5.30412242031284 5.53144952531063 4.73337214768967 3.51287403204592 3.69694191446095 1.59765819824317 1.07954727739689 0.648060693629782 0 0 0 0 0 0 0 0 0 0 0 0 0 0 0 0 0 0 0 0 0 0 0 0 0 0 0 0 0 0 0 0 0
0 0 0 0 0 0 0 0 0 1.42804707726529 2.42247988685719 2.71197617526175 2.53513877239215 2.91296801706362 2.98650966220208 3.95075317315421 4.37586626193392 3.75805613715924 4.23508736414755 6.32129423644085 5.23318401665453 3.70546851462522 3.55973129284386 3.97833885017201 3.95983277526658 5.11542437075231 6.1857200688839 5.99250783349546 3.60748084786844 6.20521821835111 5.4843022674517 4.25631803512748 4.29695261495855 4.89286895659322 6.5426534490825 7 5.88813333969693 4.4663012712356 5.83373530946088 4.17645512915255 3.4128301138226 2.62653823511852 1.4368085980385 0 0 0 0 0 0 0 0 0 0 0 0 0 0 0 0 0 0 0 0 0 0 0 0 0 0 0 0 0 0 0 0
0 0 0 0 0 1.47263961687944 2.9446684630735 2.99267712963956 3.04046006471056 3.82691592440929 5.37681011575208 6.51613372092882 6.52837843910616 6.96103414205975 7 7 7 7 7 7 7 6.50322192019957 5.57959398768774 5.5986212534147 6.65712472612989 7 5.85654346752842 3.71648875071432 3.44784881222072 3.97866984365595 3.57197067325778 3.56524353391933 4.19454350559907 4.00592145217225 5.85945141387021 6.74360604433377 6.00851648028384 4.26929703099039 3.76162661878489 5.72175145937877 6.05708637385847 4.53015184847028 2.64867521620177 3.9108196827094 0.79856648595408 0 0 0 0 0 0 0 0 0 0 0 0 0 0 0 0 0 0 0 0 0 0 0 0 0 0 0 0 0 0
0 0 0 0 0.951177291097051 3.49750479853854 5.45262546867201 5.29590242349051 6.81942361794764 3.81837853522222 4.29075609518185 6.31340427924852 7 7 7 7 7 7 7 7 7 7 7 7 7 7 6.30261643394567 4.90628562193932 4.26341016529431 4.41514862357401 4.56824079171749 4.04329038653105 3.26586386280325 4.58469972207621 5.18779231169785 5.54230976045321 5.54594772147734 5.15840361264233 4.36778175693217 5.35917817878462 6.42724893855672 6.40463363149299 5.70281629853035 6.68683128153729 4.75641522384511 3.42893377850969 1.73655789466767 0 0 0 0.44735565051396 0.442054015076219 0 0 0 0 0 0 0 0 0 0 0 0 0 0 0 0 0 0 0 0 0 0 0
0 0 0 0 1.71808982937916 2.48068172303761 2.30855914110319 2.28373330029978 5.0534042227338 3.39290298727663 3.18706324655205 4.77311544720839 7 7 7 7 7 7 7 7 7 7 7 7 7 7 7 6.90124484153501 6.35754237279178 4.59005661802788 4.17244890817895 3.85611079836002 3.2033424351136 4.25311350375672 3.24572410049113 2.49802062421633 2.53054628764871 3.3331417252969 4.24372866455686 4.83393156098313 5.72749667037082 6.53979278425516 7 7 6.80782650158638 5.14400477819987 4.23086145498112 4.48171977638139 3.89046765400614 2.04595302769965 2.64409901107654 3.29750740835972 3.19513282285844 3.20177327782007 0.624916500212799 0 0 0 0 0 0 0 0 0 0 0 0 0 0 0 0 0 0 0 0
0 0 0 0 2.10586251333755 3.70804540890701 4.38782536603275 4.53979078756973 5.59406732426018 5.46866184339498 5.16614227528489 5.58684622128002 7 7 7 7 7 7 7 7 7 7 7 7 7 7 7 7 7 4.57044006363994 3.09123347428579 2.70302063883624 3.14668954535855 3.9491124854261 2.49692866629968 1.86176915238203 1.84320939475954 2.6807803163085 6.13754981220302 6.4945199475434 6.68420137824074 6.86456218917388 7 7 7 5.26538133605752 4.45148345448961 5.14751648535286 5.00254065725036 3.94493975908835 5.34605163659303 5.5327510127513 3.66942497718528 2.29972152818869 0.456886050593447 0 0 0 0 0 0 0 0 0 0 0 0 0 0 0 0 0 0 0 0
0 0 0.114000315525198 1.54019195844089 4.47599821890057 6.37590224227667 7 7 7 7 7 7 7 7 7 6.6654564343859 6.52374406329725 7 7 7 7 7 7 7 7 7 7 6.62059235888354 4.1904949159765 3.42932176653627 2.57409407563186 2.07586040421004 2.79165075344598 6.11608247179853 6.06892568526625 5.99236798409624 6.02199022015645 5.827424011798 4.62250615580769 6.39847337347935 7 7 7 7 7 6.75384113039258 5.99363990651082 5.30500097138099 6.70801884514322 6.66208607092462 5.82383519661848 5.09323588166322 4.68685909607775 3.81067353784468 1.50670410928021 0.368377666254853 0 0 0 0 0 0 0 0 0 0 0 0 0 0 0 0 0 0 0
0 0.634170552209304 2.59296412436426 3.48678811971242 5.86267462986679 7 7 7 7 7 6.67268862289745 6.49871758463998 7 7 7 6.86385868008033 6.80695493528923 7 7 7 7 7 7 7 7 7 6.74991334645961 6.20084729491756 6.21480143177396 4.48260793307839 3.71980579870061 3.37481539345005 3.04923864946796 4.38575626398718 6.334139158053 5.17687057661133 4.1716268680969 5.09928504825932 4.06871273635349 3.64076651442088 4.46195028783561 5.86014745452231 7 7 6.31611167945884 6.60531126959807 5.93486033930609 4.11305082885545 4.23246107917767 4.22051742113049 4.12571268267255 4.7723912510679 6.10321262231772 6.82989731127003 3.00300333326423 3.06346873089103 2.34801394050668 0 0 0 0 0 0 0 0 0 0 0 0 0 0 0 0 0 0
0 1.14104396871017 4.71265098722574 5.27200376850068 6.43920391719181 7 7 7 7 6.5155202687637 6.48443837221261 6.81199613861182 7 7 7 7 7 7 7 7 7 7 7 7 7 7 6.95067406883759 6.86292584648442 6.98711058357656 4.85383291402801 3.55230194910861 3.08801574599413 3.12303550177733 3.92558481325804 4.24347804611211 5.51663885029939 5.16779384885382 2.3914025511968 3.03699287610577 5.74178511374445 4.76991108456769 4.47608638463693 7 7 6.95980040069245 5.91950525410581 4.69525014551352 4 4 3.25312933838697 3.57758659709929 5.10912269631426 6.99242980770221 6.99991141485197 7 5.83654311507189 3.07858511004962 0 0 0 0 0 0 0 0 0 0 0 0 0 0 0 0 0 0
2.16335388133398 5.37971745615911 6.35851739845741 4.22080092852543 5.84644785376263 7 7 7 7 6.85388112682066 6.88291327927862 7 7 7 7 7 7 7 7 7 7 7 7 7 7 7 7 7 7 5.51894941009948 4.86772669505471 5.41113688599654 6.70685339841448 6.78597794220516 6.80965935589095 6.91772009866377 6.91607518514966 6.77749719068392 6.83800177550927 6.96374820811868 5.37722916917263 5.00061503483518 7 7 7 6.99971769224095 7 7 7 7 7 6.64776047683151 6.19938909631618 6.97096366084855 7 5.88192577095572 3.15041465480373 0 0 0 0 0 0 0 0 0 0 0 0 0 0 0 0 0 0
1.67083567520617 4.61574975993886 6.97467361674555 6.28159187928438 6.69346728777903 7 6.6155661263528 5.41066135176936 6.05410945530368 6.70853146273918 7 7 7 7 7 7 7 7 7 7 7 7 7 7 7 6.54562605676704 6.33699545641859 7 7 6.93607464831871 4.99231807413591 4.26511494060066 7 7 7 7 7 7 7 7 7 6.64360479348683 6.0521761887256 6.92916576670231 5.58533068321038 6.12736223188417 7 7 7 7 7 7 7 7 7 6.49054756160444 4.04534001469091 0.468984458087904 0.014349525154412 0 0 0 0 0 0 0 0 0 0 0 0 0 0 0 0
5.57502288049291 5.7885004004413 7 7 5.95217594427384 5.30846257604912 5.03089912092556 4.22903901547976 6.4161144786661 6.9540691445532 7 7 7 7 7 7 6.76396853177959 6.1285451332039 6.87121482080914 7 7 7 7 7 7 6.9891931162937 6.98836499008209 7 7 4.92521775983712 4.01250443910453 4.92076206820603 7 7 7 7 7 7 7 7 7 5.80137572446529 3.76195348397927 6.58151815967318 6.95128239140476 7 7 7 7 7 7 7 7 7 7 7 6.21586476665301 4.03367515658324 0.149716104474827 0 0 0 0 0 0 0 0 0 0 0 0 0 0 0 0
4.38640728724474 6.53457683579958 5.26298569896099 5.95537701513487 5.97386367242834 4.77241158642253 3.77364193851667 5.84308292794305 6.79660441894322 7 7 7 7 7 7 7 6.9920242214169 6.8767670836401 5.32287022722882 6.32106197097675 7 6.99971282495493 6.96828552525013 6.96895084147648 6.98728138146047 7 7 6.91912801676385 6.08045907920393 4.61737050204657 5.34841222786062 6.82205873291936 7 7 6.9438153231394 6.91342430051226 6.90749798733357 6.91194417371895 6.99038814582855 7 7 7 6.79286631670893 5.40243559648593 6.52480724284793 7 7 7 7 7 7 7 7 7 7 7 5.92963639561051 3.36195554671441 0.151061724665379 0 0 0 0 0 0 0 0 0 0 0 0 0 0 0 0
6.00121798475211 4.77583909034469 3.16166106900977 6.18510696855596 6.93487412465827 6.87035774632419 6.82740315085467 6.95621104991897 6.99313389808703 7 7 7 7 7 7 7 7 7 7 7 7 5.79474857708289 2.43200277774163 4.72411319369705 6.36862578761684 6.93168991154006 6.84037620630392 6.70032322558489 5.23135054477406 4.32466670614708 3.62181581417507 4.28244640198392 7 7 6.39952134181029 6.13460349551411 6.14053011969493 6.22957442544805 6.91537685838211 7 7 7 7 7 7 7 7 7 7 7 7 6.92419228393049 6.73696114012449 6.54110610238115 6.51661637669824 6.37084053553468 5.10511921568695 2.51642114735972 0.13139228323633 0 0 0 0 0 0 0 0 0 0 0 0 0 0 0 0
5.79293950332336 6.18227276565382 3.0323545625055 6.17831194042475 7 7 7 7 7 6.96843968512199 6.90822088939323 6.85978575995459 6.88998843959905 6.97653312931097 7 7 7 6.99524927101426 6.87127656635604 6.93982822002473 7 7 7 7 7 6.19868081748563 5.12327876859741 4.75670764372623 5.08324264445038 4.18599495782092 4.45189680531883 5.77648386923759 7 7 6.75925142997087 6.81157017367751 7 7 7 7 6.57767574927932 6.39123723740994 7 7 6.50028960300042 6.64810285944977 6.92249802573298 6.77800945009599 6.979577795557 7 6.85889941914186 6.12735962015545 4.82572473038548 4.45943025922004 4.8478496728142 4.93794150363502 3.21974104945021 0 0 0 0 0 0 0 0 0 0 0 0 0 0 0 0 0 0
5.13051244351083 6.98369189856248 6.9994107787709 7 6.94543216135982 6.87166025750217 6.82971541435053 6.84502405462302 6.68451249831668 4.95832531974385 3.10370136725071 2.41634433852914 4.03303294286707 6.44155018408809 7 7 7 6.94659565445801 5.24042154704007 6.21326306912038 6.94019402680277 6.88983849881578 7 7 6.78926118902176 6.50879813660442 5.6462304643096 3.81111290400629 5.03249418133041 3.3541756183913 4.52649919832981 7 7 7 5.95563536973427 6.19431765088973 7 7 7 7 5.54778218543079 4.92485074228868 6.92157355564321 6.25232101884954 5.23683230865763 5.94305286372134 6.6018308581393 5.84398583735784 6.88693930895661 6.55491891178267 6.01267462248899 4.80484318618233 3.14670344346812 4.23324343225426 4.33163577811251 5.56344133035385 4.41558010471873 0 0 0 0 0 0 0 0 0 0 0 0 0 0 0 0 0 0
5.0082141896324 5.16731594842198 6.7519979714231 6.95170543399389 5.30799685870966 3.63812204781431 3.05790937319939 3.69140179799711 1.64507387529972 1.63966638309037 2 2.39880531909394 4.00624122933956 6.18983188591874 6.4387239176214 6.5482491058855 7 6.9471440401691 4.39948971454899 5.79961321610082 6.65373840275973 6.37666039442622 6.9690930674631 6.14491947672116 4.93862359292633 3.65894781749382 3.52935514357509 5.72651211425814 3.58126216295625 4.19907915046302 5.76959697863556 7 7 7 7 7 7 7 7 7 7 7 6.79027407592875 4.90485535100788 6.05608810024891 6.16120495283828 5.33900964724845 4.89475661655933 6.77918596055908 4.56437952173053 3.72954584511242 3.89097918824086 4.06604288480146 5.34958370024049 4.79582029974268 5.52603664151934 4.29011853064185 0 0 0 0 0 0 0 0 0 0 0 0 0 0 0 0 0 0
5.24298121061813 2.37750198277858 3.71472638188097 5.96966732605158 5.47871936334607 3.77874573223552 2.27115682549693 1.608595800641 2.15825367695628 2.41690793164465 2.30870396110625 2.38126624861288 3.98711237078227 4.94635077423483 3.86366254221927 4.37042453165828 6.41873716028791 6.54000190865407 3.49281239624331 5.36828700053321 7 7 6.88599318306138 2.8713634531458 2.48923460144225 3.02640909656099 3.04084965057498 2.18716812562259 6.20180415266204 6.81312453274849 6.83573556097053 7 7 7 7 7 7 7 7 7 7 7 6.94854037007234 6.44577916087669 5.85810506022688 5.08745636877166 4.39636863175562 4.09806402367861 4.89315581176077 2.46784336062241 1.70897003243632 2.12855383157239 2.58064928570661 3.73362105388945 6.11215746887565 7 5.45956997874434 1.96665954553527 0.163119987959329 0 0 0 0 0 0 0 0 0 0 0 0 0 0 0 0
5.02208941467582 2.63350755013984 2.33804801315335 3.47018273275115 2.80096242481423 3.02599583236174 4.90579661442035 5.373782292939 4.78863353808287 5.08335718449038 4.29549328788224 2.72833725524921 3.97662208707323 5.76166770456451 6.69014025530347 5.8188222555145 4.24704944751851 5.26213123153028 2.861194894177 4.63603111569777 6.15402187531043 6.3178016288193 6.94888892067004 4.14350867007166 4.25403237107192 5.40023489926244 5.51792666423806 2.75124185776772 5.44306929145735 6.20936899770933 6.63186253435697 7 7 7 7 7 7 7 7 7 7 7 7 7 5.35001873419292 4.90639469190127 5.1411736027203 4.74944805836507 3.51587975207464 3.04854769314063 2.46244601525218 2.16062689713198 2.78494164277625 4.76873382375093 5.05136100482732 6.05005563964643 6.36891080049365 4.40739702104925 0.392515988929789 0 0 0 0 0 0 0 0 0 0 0 0 0 0 0 0
2.70129178687512 2.41025985155985 3.51020488750157 3.14250166045609 2.69421066956853 3.00674891874395 4.32442562243821 5.94622865480669 5.99774088538012 6.11648751769043 5.68385369252176 4.81260340308525 4.83271276838687 6.52568606222565 7 6.18833397702961 5.17404054788519 6.29838881210451 3.43099035995862 3.85327409316167 4.39592896558967 4.60953707918719 7 7 5.81627588424456 5.35032735358492 5.35719057066894 4.02384964992595 4.94071599135802 6.31407826810193 7 7 7 7 7 7 7 7 7 7 6.58364706544554 6.32541324776837 7 7 5.94091799630096 5.1950654181334 5.10345669125321 5.54691846411097 5.93794630872638 5.66400871407265 5.04276679233703 3.96569327403406 2.65855700552235 3.80761929098466 4.39664696353545 4.46313320246234 4.84785879507694 5.41124623340611 0.520461301590565 0 0 0 0.0724656694589928 0.536153210530279 0.155406122550807 0 0 0 0 0 0 0 0 0 0
7 6.46467268591807 3.27913520875369 3.21011942556988 3.5196806107291 3.72198969895734 3.5235369345726 2.47829339022476 3.75578871214172 4.60936187552381 5.68200394240431 7 7 7 7 7 6.87354255315483 6.29517164772751 3.20199065233144 4.28896124420182 4.83836405127278 4.27491147351927 6.99282061659599 7 7 7 6.19489134544045 3.20596183506825 6.29109315138714 7 7 7 7 7 7 7 7 7 7 7 6.54732313104661 6.26480678640551 7 7 7 5.76240543503615 4.65543550783492 5.64833202997582 6.82155816360909 7 7 6.01498070347514 3.46567407133883 2.55032491708954 3.30269206394162 3.99915783160468 4.61993964168647 4.67122985584554 0.47908381966183 0 0 0 0.343528509123428 2.65340383822233 1.70550578118278 1.26941325898352 0.854072653545763 0 0 0 0 0 0 0 0
7 6.91251015814543 6.35537279304554 5.30677021035929 3.74190076010481 3.11348067023242 3.85858741516957 3.09459465486296 5.48800163666929 6.68145254041664 7 6.94291869729741 6.64179509679047 6.90938220434835 7 6.71038988368676 5.7892389038843 3.84223800582012 3.81169713057392 4.99994925316544 5.41221751947751 5.15344120127064 6.97660626686944 7 7 7 6.17768500299603 2.96118624603285 6.22358150621917 7 7 7 7 7 7 7 7 7 7 7 7 7 7 7 7 4.96172961483567 3.63802393198259 6.61556625023667 6.94719983686474 7 7 6.67302523496092 5.57944117889538 2.99148733329666 2.62606906866354 2.42497071649513 1.96568025742035 1.29191813895824 0.139552953871378 0 0 0.822783472054443 2.97330708670143 5.12422877310673 5.37953311735354 5.41383700062187 4.11422230808744 1.38531309382803 1.39510540032271 3.98716086933972 3.42767938248155 1.40669295296486 0 0 0
7 7 7 6.74003099200453 5.16480995479042 4.69164299489969 6.46215964371401 6.95975371091138 5.81627056208487 6.26551663098163 7 6.85321493321748 6.05008124651073 6.75305270901065 6.75804973165847 5.36367945217016 3.08390060402723 2.4797321524391 4.05827831337492 5.94347107187254 7 7 7 7 7 6.20938533269909 5.06473104696518 5.55326624738971 6.71488193016186 7 7 7 7 7 7 7 7 7 7 7 7 7 6.94645293678242 5.96045981929611 6.56697506171921 5.75279613067332 4.96377956707868 7 7 7 7 7 6.64803997236989 2.89793166383961 3.24506013787318 1.89526642200529 0 0 0 0 1.41285635832421 3.84187015318059 6.20804611545232 6.67059468088698 6.92137319979956 7 6.57792403623356 5.43105708980067 3.65721726695958 4.41038725862647 4.21327841840451 2.49958131907178 0 0 0
7 6.83241711818261 5.54031407278308 6.10901325595951 6.7168426364384 7 6.89519284707503 6.19329253741036 6.35362547242119 6.50319528703735 6.69647820686716 6.92589273301344 6.50093825287832 6.15688373944154 4.69282017687402 2.8284571941942 1.727673185985 2.93573130522385 4.92185025180791 6.36581513193094 7 7 7 7 6.36542109309656 4.57394077676559 3.28651533799361 6.94912933562781 7 7 7 7 6.99431334370556 6.02547020388031 5.40959731895876 4.64521463687189 3.89510523824675 3.93040720690465 6.442721953153 6.19918230780673 6.26569381838777 6.24127806643095 3.8153996954686 5.90158349466915 6.76238789275709 6.70813228015128 6.51731400839197 6.8563312674703 4.63960590404757 6.0514962405881 7 6.62544738942372 5.33229159466595 2.45785690071043 3.83694190132632 2.81555709108229 0.526751002790767 0 0 0 3.092360722522 6.49124160450857 7 7 7 7 7 6.74297117805929 4.97145260024455 4.79854924352197 5.64822694972736 5.64033730543047 3.74236413388761 1.79389629606014 0.430001357726264
7 6.65461164956913 3.80332355601783 5.9493362500435 7 7 6.88165613899832 6.05422885702354 6.71443151665067 5.69674195320497 4.97736541444042 5.84567622421879 4.99870667641613 3.8165622164247 2.39592029566546 2.24778390317876 3.62003788150229 3.55608054318923 6.14545701717055 7 7 7 7 7 5.51756906741563 3.50035726755606 2.88771186152116 6.9038210328902 6.51338272073914 6.74124081713759 5.76433219392535 4.17593682199224 5.7037027736008 4.618480361997 4.53247433149412 4.92835920155094 5.34520248757996 5.36949928783634 5.03963343227461 4.97720067443414 5.84534054723746 6.18596595800103 3.49199178597741 5.809010245844 6.739318220191 7 7 6.95151572783665 6.10971820473827 6.64222220611261 7 6.87304565071167 6.33489771741842 3.93597642900139 2.4575701221898 2.93622498225482 3.20657320765722 0.725166729485168 0.094359918120667 0 1.45756753410267 4.13766454189031 7 7 7 7 7 6.4127007255485 2.09959114010134 3.43279720872549 5.62993928672656 6.63085162464652 5.70001638624482 4.68705466819474 2.508911418087
