Rnew_bats/Bats_data_products/bb.asc
NCOLS 434 
NROWS 250 
XLLCORNER -121.69454516 
YLLCORNER 39.36708274 
CELLSIZE 0.00381074763999997 
NODATA_value -9999 
[rows 66 to 98 of 250, columns 75 to 149 of 434]
0 0 0 0 0 0 0 0 0 0 0 0 0 0 0 0 0 0 0 0 0 0 0 0 0 0 0 0 0 0 0 0 0 0 0 0 0.0925115101054074 0.431161323241336 0.326129069225944 0.16924503713085 0.0952195541652785 0.105849705474596 0.187109520658709 0.899243180836118 1 3.74349994902698 5.17429711705103 2.32506523583957 4.81659427593533 5.89874521892184 4.33928514890126 3.18975777970009 4.07108902140676 2.37479399003695 2.59566318960908 2.4824882777166 2.33575064697017 2.28012661173531 1.33501917726207 2.93481340825127 2.65916649615123 2.36761613173735 2.71092637803565 1.37015575087522 2.88540075630468 5.26158964724664 4.93501075469171 2.38111694788384 2.8580470088923 1.35743927111503 3.19318934630978 3.13309523869782 1.25365690496297 2.12896340157228 1.65826424142764
0 0 0 0 0 0 0 0 0 0 0 0 0 0 0 0 0 0 0 0 0 0 0 0 0 0 0 0 0 0 0 0 0 0 0 0 1.66805466402772 6.86162070879079 4.25048011212437 1.95101355158669 1.39288891104462 1.68211824735576 1 1 1.75242727084515 2.7697118015868 2.92823637975909 1.7129094161872 1.08180905788554 2.72988854001658 3.87850390398282 3.4596227402169 1.8742609049694 2.89432410498567 3.81761397206644 4.15224614352754 3.26774949824934 1.41217266987161 1.96022474030365 4.71362751329514 4.58234748521776 4.02591021690433 4.0251363291367 1.72483452907657 1.61046951782017 2.97787502836783 2.83756908398801 1 1 1 4.57946276974243 5.69476613767507 3.80476482735237 3.86233931609541 3.91971974830998
0 0 0 0 0 0 0 0 0 0 0 0 0 0 0 0 0 0 0 0 0 0 0 0 0 0 0 0 0 0 0 0 0 0 0 0.404660410733703 2.37658875034377 6.85065030672902 2.69003571117729 1.98860044822113 3.78901476385184 4.60169792125093 1 1 4.97076342663667 4.20107227581352 1 1 1 2.95729023016404 2.78048552105503 1.48909032411994 1.13575015084321 2.21666539501044 1.85568647015581 3.50607155899083 4.41752600959951 2.69033343239433 2.40521225844513 2.83610555956859 4.72048713152797 5.90551601115888 4.87859674316038 2.43040114073758 1.6514339513743 2.70152590108661 2.74197106117044 1 1 2.89595352946133 5.53619057492096 7 7 7 4.85356637827946
0 0 0 0 0 0 0 0 0 0 0 0 0 0 0 0 0 0 0 0 0 0 0 0 0 0 0 0 0 0 0 0 0 0 0.105167808614859 2.94892542400816 6.87596262062538 6.31587980847241 3.03684585958178 4.5477220431066 4.04979021763925 1.57495419880678 1.01007138761641 1.22882654698019 3.89171343683461 4.11752878889429 2.34900850172084 1 1 1 1.16410882472579 1.25493865265748 1 1 1 2.48966648408229 3.77253081579206 3.24103980345794 3.79168717687852 3.87200560462559 4.23884554109316 4.18641006733213 3.41287780975135 3.07469262854081 1.90354959165171 3.42831552227127 3.5763549145219 1.40479606272411 3.52489418011778 5.04714136946922 6.33801558074478 7 6.69414166478305 5.30484737483048 4.9849920657188
0 0 0 0 0 0 0 0 0 0 0 0 0 0 0 0 0 0 0 0 0 0 0 0 0 0 0 0 0 0 0 0 0 0 1.37213190871718 4.20288285765987 6.41144995288072 4.00287470656919 6.41720066176478 4.7929279525074 4.02985809562854 4.43153966928075 2.87039079370538 3.48123510864441 2.59680685098846 4.20788230311433 5.53629103705207 1 1 1 1.28131243779072 1.76091186893903 2.2092715174227 1.8985670146014 1.27556622455769 2.84144356222458 3.93393483734836 2.15524733195261 3.42210225321868 3.20578936247968 3.01745300033375 2.99174962428562 2.73090868749449 1.1014958347134 0.98170346638479 1.48803545069682 2.34163070139666 3.56868863225905 5.31842769181858 3.78427994131243 5.33318022715391 5.9053417318473 4.25979783017037 5.8113129692815 6.75415406621525
0 0 0 0 0 0 0 0 0 0 0 0 0 0 0 0 0 0 0 0 0 0 0 0 0 0 0 0 0 0 0 0 0 0 4.00759674779972 7 6.61360962895484 4.93820457878412 6.57172706574116 6.41816459430845 5.99275022534623 5.74654165273484 4.85809933453479 4.79468991762698 4.98148303250801 5.94626450102662 6.16949457205899 3.37062520746745 1.40316437304193 1 1.19811474324258 1.98479590770099 3.4521841526659 2.25707037083094 1.98761307803351 1.7584102192096 1.35816557139173 0.975779341276016 0.95561334378224 1.34907404081684 1.50017991261687 1.44775177146411 1.28319759953246 0.12514806924358 0.299773464680959 0.408131461743134 2.09897964275954 5.36994390430163 3.87586103854776 3.85285694004488 5.60307833713416 6.38634309067819 5.56472260068888 6.93499123997129 7
0 0 0 0 0 0 0 0 0 0 0 0 0 0 0 0 0 0 0 0 0 0 0 0 0 0 0 0 0 0 0 0 0 1.62738616807493 4.89604557801773 7 7 7 7 5.2519347020713 4.44629868602578 4.37854888341002 1.0115034683837 3.00052477881589 4.8708606099026 6.22945962629084 6.51543468711914 4.6712941258356 3.18237633382485 2.00754377697459 2.35127705389102 3.61790957970115 3.97361199725497 3.22169017447863 2.34633168959007 1.49636686390848 0.734626852917607 0.0393512232625391 0.499089850927803 0.75641050789814 1.19311977794606 1.42643678126167 0.905415583357614 0.100545632776648 0.887645494113218 1.2799929191243 1.95951919361661 3.63235706117898 5.49806782662785 6.18407147183652 6.70968146363195 7 7 7 7
0 0 0 0 0 0 0 0 0 0 0 0 0 0 0 0 0 0 0 0 0 0 0 0 0 0 0 0 0 0 0.420598623223865 1.46942860052356 2.35224508095273 5.03518738726724 5.89750578192547 6.26132407962457 7 7 7 5.29366617491372 5.12104151252659 5.92849903163903 1.0990785276738 5.73034452917899 5.22011493445766 5.19459913510447 6.48746574440016 4.51627403628979 3.2432221711968 3.31752507299128 3.97099056567994 4.57738062699215 5.01814196915986 5.47542240644041 4.12215985408002 2.82630740931 1.79344506401962 0.595988332560056 0.414246391912601 0.962044334942004 1.31687797728792 1.61314888624042 2.2890302130456 2.04275966094221 1.54173830661821 3.01973673830634 5.00209824124081 5.69392430673235 6.87446142470265 7 7 7 7 7 4.70294305878882
0 0 0 0 0 0 0 0 0 0 0 0 0 0 0 0 0 0 0 0 0 0 0 0 0 0 0 0 0 0.72983303709091 2.61398837593898 5.36229358527123 6.85501139588968 5.7049673325085 5.24684443107139 5.71301658197566 6.6239893821567 6.97535051970832 5.96795066115619 4.70851543116513 4.04295753076283 4.03726636726569 4.00754562033122 6.34004795298163 6.16963635216147 6.13765344611432 6.38216194164453 3.695299422056 2.42662299170394 3.17751349995689 4.13901436764977 4.29940364993603 3.22566801357831 4.99169402835357 4.35104387354769 3.41177063673052 2.52203101268693 1.01375117574058 1.28280643427425 3.10334211255597 3.91617528908155 3.39535407913105 2.34195427603068 2.90947264206581 3.61455638476158 4.93874843742142 6.28852052299763 7 7 7 5.8027445730564 5.36278512450111 6.42925171746394 2.49121445851512 2.14449564136925
0 0 0 0 0 0 0 0 0 0 0 0 0 0 0 0 0 0 0 0 0 0 0 0 0 0 0 0 0 1.96444995938845 4.51512207732533 5.70684303745964 5.6740639521625 5.6413819337483 6.32669839054963 6.67898612083173 6.06484403914579 6.46909966894841 4.6582633009122 3.44004771520598 3.36760757341541 4.65076135270107 6.88083809078717 5.7216010066426 6.25693682715562 7 6.04879688978073 1.70529140710855 4.62787745778423 2.91535905262541 1.39108664361875 1.56801507381677 0.698622236568682 1.48948299191661 3.30363489208426 2.9288387291769 1.09215498454518 1.71371502694202 1.9531487509785 2.99350590545314 2.87535578931041 2.01567879673858 1.92951013253279 0.886231383007539 0.976588191712019 3.39503893623539 6.2757474321238 7 7 4.15584091880515 1.75980595957623 1.27726063598161 2.55376922963268 1.15080242042916 0.467962630688072
0 0 0 0 0 0 0 0 0 0 0 0 0 0 0 0 0 0 0 0 0 0 0 0 0 0 0 0 0.299736372429501 2.14634982746071 4.39583510886729 5.43751877621783 5.47029957697567 5.50298330579319 6.27057907847921 6.37220391270102 4.93303196001716 4.91150166638094 5.04882787606338 4.37541306292946 3.85829382445821 4.46746153931275 6.82710053164262 6.12169428258084 6.48775505683205 6.32569371668119 4.78863760851457 3.35746511411674 3.10153438133866 1.64453387051004 0.420749126714934 0 0 0 0.836587746539743 0.792421964909574 0.109427671069049 0.53430321805192 2.35701388484107 1.94514891478705 3.27909174659123 5.42960142759581 4.21981785756385 0.675266972584823 3.22273202750446 5.83658889624829 6.88381739545025 6.82612320384975 4.74249148831905 1.58563604939818 0.122655337439935 0.0628163430247607 0.189449949270222 0.0988871994664004 0.670700382453462
0 0 0 0 0 0 0 0 0 0 0 0 0 0 0 0 0 0 0 0 0 0 0 0 0 0 0 0 2.60712458863827 4.01723676494977 4.38816235156102 5.41811106744675 5.38532855120745 6.47732366470409 7 6.62292981598192 5.68787658227155 5.2422154966855 6.19530797003547 5.47073885020847 4.21575449731585 3.81707389457312 3.18382714752422 4.50627093774292 4.2813409313772 3.04803412717045 2.03880412692328 2.57117552448813 2.99493643150463 1.9407951013216 0.631059219078622 0 0 0 0 0 0 0.00267563340216717 0.459065796938955 2.3354517337827 4.2674273581535 5.43550844510339 5.67619517836757 0.967304985970257 3.84022783490505 3.70107159410705 0.766463068538728 0.681363349926649 0.397423805116019 0.719408589610359 1.36684622752327 1.61946617832449 1.17849167300472 3.50517221399595 1.21903846678076
0 0 0 0 0 0 0 0 0 0 0 0 0 0 0 0 0 0 0 0 0 0 0 0 0 0 0.119433980220176 3.11674284828091 5.85659435993007 6.39970629767733 4.8357687810157 2.47513572882077 5.27863562826372 5.40165207024454 5.17567113509214 5.14317814986178 5.23820435835252 6.46712077708299 5.53721875347354 5.49924690796853 6.11746774876222 5.77912175299853 1.46029393129399 2.14512136561633 2.27090156710183 3.10613214941965 5.15321264116495 3.61162712875772 2.1840600116345 0.891813124508918 0.143388356027778 0 0 0 0 0 0 0 0 0.314798043861839 1.24745910690025 2.16756699195951 1.57016066564415 4.74269031471546 4.66601506455057 4.35926693827984 4.47039036148584 3.71306650148934 2.20833252424294 2.58868143647272 2.07014146116537 1.26906994869078 2.13350583310628 3.76374419041114 3.99368302929513
0 0 0 0 0 0 0 0 0 0 0 0 0 0 0 0 0 0 0 0 0 0 0 0 0 0 0.12834106807295 5.76438860906851 7 5.69518203327639 3.23528241312676 1.26452272047417 6.09543388834455 5.0368261560405 4 4 4.20955239944137 6.62501452361274 3.53246822882674 3.32571931233854 5.04712165187602 5.10336213024284 1.44807338590985 1.17467784297901 2.40694991409908 4.63916730815812 6.92135625461358 6.42884341299643 2.45264483511167 0.463113329257143 0 0 0 0 0 0 0 0 0 0 2.61263864525525 5.36962618617613 0.0537613860041226 0.215877322338058 0.751050347497975 2.71806215624431 5.21872311779366 5.8741071205884 2.66856731656262 3.2609909725518 3.0779262346961 2.05321659535792 2.39348536386752 6.09157886302046 3.4771054885641
0 0 0 0 0 0 0 0 0 0 0 0 0 0 0 0 0 0 0 0 0 0 0 0 0 0.601446483535054 3.09077167921137 4.73924427788197 6.26088216287945 6.26538644459821 5.22739009724332 5.08887916362606 6.68584967004307 4.19130906919408 4.1599725051979 6.14561740004852 5.98076841031495 3.08402948349659 2.0036758664878 2.45757479809154 3.5077199521386 4.148340705619 3.46523963343796 5.06481215045622 4.13156816416912 2.26966479191079 2.00666093803948 1.94399839183902 1.24841874029091 0.476602788067893 0.28713103901745 0.765822405977712 0.0545552709744054 0 0 0 0 0 0 0 0.0653044684316914 0.0827434736348168 0.000285674206195061 0 0 1.20980415074533 3.169527320555 3.9097441905579 3.8461574524105 2.0456867922654 1.83344068592826 3.37235603373682 4.68409890537145 2.24926162393744 0.614988472479574
0 0 0 0 0 0 0 0 0 0 0 0 0 0 0 0 0 0 0 0 0 0 0 0 0 0.439419689822739 2.31649122546815 5.26128724795167 4.15196172867494 3.37827038669242 4.7610259019765 6.96633084524952 5.20054712571902 5.35928262244749 4.34891285258647 2.41994479189446 2.29852970359545 1.19743277295772 1.65225352150929 3.93308895920714 5.2428684011297 2.45719772091951 3.78743731969632 3.1558716559965 2.36301326065192 2.46509207819983 3.3923627198465 1.2687895389078 4.1752959051125 3.18877025298944 0.946546929578105 0.879604235442231 0.0743595903951933 0 1.03260342782427 1.28194362955675 0 0 0.768767884871823 0.461473485145122 0 0 0 0 0 0.729997288967497 1.85034129780755 1.90395640812699 1.33707963208798 1.15568457406116 1.43962105321885 2.06390677577832 2.64266496734985 0.695254735204475 0.115250744975566
0 0 0 0 0 0 0 0 0 0 0 0 0 0 0 0 0 0 0 0 0 0 0 0 0.251637041506314 0.871376332604362 1.6877764901817 4.71086106667378 5.459656673832 5.67450458412766 5.77328953118058 4.69520031173046 4.12827630686663 5.83570180575629 6.16699380073811 4.15480156341596 1 1 2.71548078868563 2.89459702525029 1.64124275427636 1.13764771812289 1.30883881853379 1.17209805617913 1.5190070565131 2.55055717101684 4.13232918347268 5.50131890959907 2.64110911943987 1.5777850249216 2.26277906906852 2.8538339500506 2.06911319899633 1.99973285059561 3.56271896058381 3.67309549967848 1.00420347772033 1.03907389607988 3.83536351694287 2.14215921359505 0 0 0 0 0 0 0.161876765983632 0.851752383747903 2.20263498024737 2.0128110955693 1.32136259452974 0.820077448432416 0.825108918457678 1.46024322074369 0.587613662921993
0 0 0 0 0 0 0 0 0 0 0 0 0 0 0 0 0 0 0 0 0 0 0 0 0.34986552869691 1.73698589314492 5.61498653588019 6.38394779872413 5.47217992577779 4.61759273937752 4.91739884143936 6.42381045579761 3.20433451489419 5.11907901394666 5.57060589068219 2.91661293721351 1.03577980917956 3.16516066921434 2.20758556853028 1.5544251969161 2.34255316620574 3.80909520875358 4.59396462560246 4.78051840580705 4.84291500155905 4.4106953972008 3.09184943436793 3.89641593395777 1.96879721597105 1.49109741093223 2.57125346516779 3.70404664700457 1.43901077689698 1.72775070790137 2.92960316447858 2.98194404695533 1.18073615815256 1.84915116949568 1.46120914900522 0.616713027897897 0 0 0 0 0 0 0 0 0 0 0 0 0 0 0
0 0 0 0 0 0 0 0 0 0 0 0 0 0 0 0 0 0 0 0 0 0 0 0 0.599158112825813 2.41754137941361 5.95447162558568 6.79610316963155 6.71813656002292 6.5268319367834 5.91898852573802 2.78508359975375 1.45736563837644 1.96345569793144 2.00613160681546 1.32500055704445 1.91831792115186 3.59628243619758 2.16881632960529 2.20635549163839 3.30214885819774 1.16171148373533 3.51869080329664 2.74083328452245 2.4459775687451 3.28018198251336 4.22384049399338 6.43966891419799 4.29734067250968 2.56029989323862 2.27480922646412 3.17266202634367 4.92518975495473 2.3636223292056 1.55042859208812 2.03549384703168 2.03445580215829 1.3513784298733 2.81190357034156 1.60583934372498 0 0 0 0 0 0 0 0 0 0 0 0 0 0 0
0 0 0 0 0 0 0 0 0 0 0 0 0 0 0 0 0 0 0 0 0 0 0 0 1.98073825919315 6.09469806927545 5.22099218770717 6.50860236351519 7 7 6.92448864989375 6.58005123763134 3.03090311463415 1.43972267640669 1.03433389748648 1.18022104780365 1.98562743059323 2.03561270958231 2.00248015122422 1.59879885863862 1.01159714956095 1.05264677793482 1.82930149159842 2.05166346589839 3.30146487507357 5.37291777315682 6.79852775916798 2.70387696820698 3.08517527018638 3.06055885050727 2.63497250952263 3.68320887512554 5.85054970940782 3.52777356183601 2.16091714699715 2.24060279095903 2.82402691698259 2.8139041560307 0.828035639862117 0 0 0 0 0 0 0 0 0 0 0 0 0 0 0 0
0 0 0 0 0 0 0 0 0 0 0 0 0 0 0 0 0 0 0 0 0 0 0 0 0.521038781596299 1.7107198836733 2.22450252703631 5.68236192276172 7 7 6.73620001457174 5.18584136773882 4.22168806743948 2.86402862972708 1.63497962751797 1.33567478569591 2.94360261989794 2.22296098030719 2.10595398041545 2.19889626142256 2.3443268089016 3.06739866992099 2.52890621291848 3.28504333584495 3.50926609250965 3.91998804502469 6.61064732976684 2.07576897047982 1.23242737301452 2.93973870331416 5.49582835856094 6.67978564864961 1.84705388868993 2.73566955213218 3.32304213165209 2.95212580580746 2.58202310190789 1.6648852600249 0.466138674443139 0 0 0 0 0 0 0 0 0 0 0 0 0 0 0 0
0 0 0 0 0 0 0 0 0 0 0 0 0 0 0 0 0 0 0 0 0 0 0 0 0.834969831551798 3.25673264112902 6.39188433907383 6.94837998062528 7 6.37022230972427 5.12832889319446 5.90709207499266 2.32090595717767 1.53857473595942 1.97295818582411 2.17588436057861 3.13860005883497 2.5146526329893 4.98857120472538 6.32319122672177 5.05132524590598 4.36291261167974 6.45143895328978 4.02000379057212 2.92206036486385 4.49171975629903 5.13394574430758 2.87280814112596 2.64811236107119 3.57139369953976 4.89884855604179 5.72496130270036 2.33549359999624 1.74672531756707 3.80031732242925 5.55231774166472 3.39306670832327 0.455824934084443 0 0 0 0 0 0 0 0 0 0 0 0 0 0 0 0 0
0 0 0 0 0 0 0 0 0 0 0 0 0 0 0 0 0 0 0 0 0 0 0 0.456625726070529 1.26796624800427 2.42206049879313 6.43487617030825 6.93116610979692 6.85696021486123 6.79077464438488 6.32396709130727 3.41198909489126 2.56081591985263 1.86643590941527 1.63131178135931 2.56578011873524 5.87896180004533 6.12195272532801 6.39291935445596 6.62144222417214 6.74289661837623 6.99050757716026 7 4.08871639560667 3.62735342601305 6.16695043860309 6.00024644938531 4.02455892803937 2.73956243377069 2.7674962606288 3.12530425303885 1.76944912150911 2.9191637989755 1.95679173070763 1.96461950418614 2.07260313205016 0 0 0 0 0 0 0 0 0 0 0 0 0 0 0 0 0 0 0
0 0 0 0 0 0 0 0 0 0 0 0 0 0 0 0 0 0 0 0 0 0 0.00667833748726864 2.74504010093262 4.66803804023287 1.247195644077 2.80991478683254 1.78507466186029 1.21598377897772 1.17673035261918 1.40219911225747 4.79575368316447 6.23630986309611 6.17179241474605 4.62662312683135 2.87977687384323 6.6698629438099 6.4998331474604 5.24134779553584 4.72932566251497 5.5852519928168 6.52527001051666 6.7235296788587 3.9233618381586 3.62584933718057 6.65687998389508 6.27252201545774 3.98599069884084 3.85791798927615 4.75274010900389 5.03920112625121 2.90516336302329 2.96688402815705 2.38635693161962 1.14020219294097 0 0 0 0 0 0 0 0 0 0 0 0 0 0 0 0 0 0 0 0
0 0 0 0 0 0 0 0 0 0 0 0 0 0 0 0 0 0 0 0 0 0 1.40940611852537 3.11438878537184 4.17076400455147 3.99067506818731 3.83159532533547 4.07195530403228 4.29683731358601 3.56516133049966 1.81241420127009 5.56050978945039 4.95992680671282 4.52496561149627 4.21833939766189 3.69617651910673 5.74390382599147 3.96872731761132 4.44719171006254 5.61386979876105 5.50670897981106 4.05402241291072 4.45902356266445 3.06757581103776 3.46926793925681 6.41895579156619 6.980534705112 7 5.82966989529104 4.79580349092871 4.51235600229991 4.44011812433211 4.67091406534553 3.04352976175698 1.16676051196205 0 0 0 0 0 0 0 0 0 0 0 0 0 0 0 0 0 0 0 0
0 0 0 0 0 0 0 0 0 0 0 0 0 0 0 0 0 0 0 0 0.00172112509651076 0.147269592763048 3.87304427487208 6.49232603035723 6.38620489667464 4.32141738568082 2.62531522189447 4.81415117653049 6.31735722417722 5.67657268341777 3.26512102211186 1.30403313979573 4.64040969843769 6.33054563064453 4.76108315424844 1.09574358140064 1.90140274296045 3.03734509598596 3.44563728568325 2.87911326459397 1.61442496349261 1.04855901282705 1.23518675704186 2.59597476787281 4.46271801905186 5.94561058278254 5.91416412829403 5.31403212208929 2.54167210104097 0.37924502081706 0 0 0.456071015006767 0.903622518970038 0.662725504709876 0 0 0 0 0 0 0 0 0 0 0 0 0 0 0 0 0 0 0 0
0 0 0 0 0 0 0 0 0 0 0 0 0 0 0 0 0 0 0 0 0 2.15843413133276 5.33145122420333 7 7 6.91241469475454 4.02483253030283 5.03067169128981 5.35737635730898 3.82752735339215 1.26386898248961 1.67801097499138 3.25574499817443 4.12759027494044 3.3764257742014 1.10559362319011 2.15697675964969 2.31460802928821 2.32534980553862 2.03158755712272 1.34673620447311 1.3573808271203 1.8240378809967 2.9265188938039 4.24080537047787 4.97719480339502 3.68108928085333 2.07921608263954 1.1760303470632 0.563613498796175 0 0 0 0 0 0 0 0 0 0 0 0 0 0 0 0 0 0 0 0 0 0 0 0 0
0 0 0 0 0 0 0 0 0 0 0 0 0 0 0 0 0 0 0.0564347813406754 0.192680064636143 0.347163823607103 5.58992208280941 7 7 6.86496151590057 6.25904460807357 2.56412849524217 1.90946977086749 4.13696217156349 5.89860473040376 2.38671078741195 4.48966396470074 4.92574339680858 4.39453689789251 2.97721079603674 1.11210878017734 2.43924041581927 3.37627914396106 3.02268661587383 2.61083152891462 3.5796338787863 3.62221459581063 3.95922719000475 4.57859946334716 4.94046052459372 4.48476942876427 2.69168213676279 2.09392669446887 1.72108358785863 0.984767054661363 0 0 0 0 0 0 0 0 0 0 0 0 0 0 0 0 0 0 0 0 0 0 0 0 0
0 0 0 0 0 0 0 0 0 0 0 0 0 0 0 0 0 0 0.355217591738347 1.26340874440818 2.61461100988204 6.02288321129466 7 7 6.58319417677191 4.84788526467008 4.17311755447202 3.15198508952118 3.78633763392584 4.71815602295283 2.38748542878715 4.19407406503138 4.72968658871632 3.11733460804324 1.09376888311245 1.44287328725048 2.25946651505255 3.31292278630144 3.24138766698671 3.51474420800013 5.59344279369668 5.94928403779524 6.69401228716758 5.5256639942792 3.55735237315899 2.38550264036713 1.57743106829764 2.20603589559853 2.53048683340777 1.73896874267849 0 0 0 0 0 0 0 0 0 0 0 0 0 0 0 0 0 0 0 0 0 0 0 0 0
0 0 0 0 0 0 0 0 0 0 0 0 0 0 0 0 0 0 0.848701107360795 2.99399601982865 5.40338262332008 6.6527210655197 7 6.66153002236804 6.10595441973189 6.33847051154586 4.76132081644269 3.93504317257863 2.69783295569295 1.20363377987677 0.997591856951759 0.826961583471824 1.17995299187553 1.41583011919076 1.5606237349507 2.00492461677299 2.0873111583792 2.02852218607866 3.80010344559693 5.96116478632893 5.9500361222551 5.56161278422815 6.16770611676911 5.8039565706746 4.51153872422344 2.80455852777721 1.19289460356195 1.30850806780835 2.45491126278666 2.31799149694136 0 0 0 0 0 0 0 0 0 0 0 0 0 0 0 0 0 0 0 0 0 0 0 0 0
0 0 0 0 0 0 0 0 0 0 0 0 0 0 0 0 0 0 2.27937847417052 7 7 5.52399146843577 6.07400505036484 6.31157986894106 5.19622187885081 5.73090101622411 4.87709052229834 3.21485831448993 1.65778741304336 0.950618989040134 1.42891739897889 2.244031959222 3.00383322260164 3.20010346888427 2.84553572902444 2.47268705414692 2.07803860781685 2.97489501791281 4.62156227584371 5.67933554483259 4.79185103139638 4.02528583055719 4.17136093735998 5.56794052129466 5.56352657585568 1.74676091134465 1.08742655099712 1 1.0646533849263 0.760096517757372 0 0 0 0 0 0 0 0 0 0 0 0 0 0 0 0 0 0 0 0 0 0 0 0 0
0 0 0 0 0 0 0 0 0 0 0 0 0 0 0 0 0 0 1.5320418574312 5.11044902929163 6.82924458549018 4.28618451358892 5.29729203269789 7 7 7 4.06600004337142 2.17057667539843 1.9963853131672 2.77205071296675 2.01753373703534 2.40141905841638 3.68578416098048 4.49754929241987 4.10288234779195 2.48414140264048 3.79066429458632 4.66491706867014 5 4.93676878344476 4.78686527171207 5.30139790510701 3.84596914149081 4.83428974248158 5.74633817087005 2.19088270926371 1.16103724615695 0.548716939927704 0.16793853379583 0 0 0 0 0 0 0 0 0 0 0 0 0 0 0 0 0 0 0 0 0 0 0 0 0 0
0 0 0 0 0 0 0 0 0 0 0 0 0 0 0 0 0 0 0.994717471636907 3.79255760102453 6.67740168696893 7 7 7 7 7 2.56307384804632 2.64148886605863 3.83448118392907 3.66095372496438 4.59977983123902 2.19373943591185 2.92750654107125 4.38527804244299 4.53554558776399 2.58889107098126 5.47848769143483 6.20734367844685 6.22883397127045 6.1949511838453 5.99267723199245 5.75602553577113 4.38972160620593 3.36802068115511 2.60794903030095 1.54813983301221 0.479381884211148 0.0961988001444353 0 0 0 0 0 0 0 0 0 0 0 0 0 0 0 0 0 0 0 0 0 0 0 0 0 0 0
