Rnew_bats/Bats_data_products/bc.asc
NCOLS 434 
NROWS 250 
XLLCORNER -121.69454516 
YLLCORNER 39.36708274 
CELLSIZE 0.00381074763999997 
NODATA_value -9999 
[rows 0 to 33 of 250, columns 228 to 303 of 434]
-9999 -9999 -9999 -9999 -9999 -9999 -9999 -9999 -9999 -9999 -9999 -9999 -9999 -9999 -9999 -9999 -9999 -9999 -9999 -9999 -9999 -9999 -9999 -9999 -9999 -9999 -9999 -9999 -9999 -9999 -9999 -9999 -9999 -9999 -9999 -9999 -9999 -9999 -9999 -9999 -9999 -9999 -9999 -9999 -9999 -9999 -9999 -9999 -9999 -9999 -9999 -9999 -9999 -9999 -9999 -9999 -9999 -9999 -9999 -9999 -9999 -9999 -9999 -9999 -9999 -9999 -9999 -9999 -9999 -9999 -9999 -9999 -9999 -9999 -9999 -9999
-9999 -9999 -9999 -9999 -9999 -9999 -9999 -9999 -9999 -9999 -9999 -9999 -9999 -9999 -9999 -9999 -9999 -9999 -9999 -9999 -9999 -9999 -9999 -9999 -9999 -9999 -9999 -9999 -9999 -9999 -9999 -9999 -9999 -9999 -9999 -9999 -9999 -9999 -9999 -9999 -9999 -9999 -9999 -9999 -9999 -9999 -9999 -9999 -9999 -9999 -9999 -9999 -9999 -9999 -9999 -9999 -9999 -9999 -9999 -9999 -9999 -9999 -9999 -9999 -9999 -9999 -9999 -9999 -9999 -9999 -9999 -9999 -9999 -9999 -9999 -9999
-9999 -9999 -9999 -9999 -9999 -9999 -9999 -9999 -9999 -9999 -9999 -9999 -9999 -9999 -9999 -9999 -9999 -9999 -9999 -9999 -9999 -9999 -9999 -9999 -9999 -9999 -9999 -9999 -9999 -9999 -9999 -9999 -9999 -9999 -9999 -9999 -9999 -9999 -9999 -9999 -9999 -9999 -9999 -9999 -9999 -9999 -9999 -9999 -9999 -9999 -9999 -9999 -9999 -9999 -9999 -9999 -9999 -9999 -9999 -9999 -9999 -9999 -9999 -9999 -9999 -9999 -9999 -9999 -9999 -9999 -9999 -9999 -9999 -9999 -9999 -9999
-9999 -9999 -9999 -9999 -9999 -9999 -9999 -9999 -9999 -9999 -9999 -9999 -9999 -9999 -9999 -9999 -9999 -9999 -9999 -9999 -9999 -9999 -9999 -9999 -9999 -9999 -9999 -9999 -9999 -9999 -9999 -9999 -9999 -9999 -9999 -9999 -9999 -9999 -9999 -9999 -9999 -9999 -9999 -9999 -9999 -9999 -9999 -9999 -9999 -9999 -9999 -9999 -9999 -9999 -9999 -9999 -9999 -9999 -9999 -9999 -9999 -9999 -9999 -9999 -9999 -9999 -9999 -9999 -9999 -9999 -9999 -9999 -9999 -9999 -9999 -9999
-9999 -9999 -9999 -9999 -9999 -9999 -9999 -9999 -9999 -9999 -9999 -9999 -9999 -9999 -9999 -9999 -9999 -9999 -9999 -9999 -9999 -9999 -9999 -9999 -9999 -9999 -9999 -9999 -9999 -9999 -9999 -9999 -9999 -9999 -9999 -9999 -9999 -9999 -9999 -9999 -9999 -9999 -9999 -9999 -9999 -9999 -9999 -9999 -9999 -9999 -9999 -9999 -9999 -9999 -9999 -9999 -9999 -9999 -9999 -9999 -9999 -9999 -9999 -9999 -9999 -9999 -9999 -9999 -9999 -9999 -9999 -9999 -9999 -9999 -9999 -9999
-9999 -9999 -9999 -9999 -9999 -9999 -9999 -9999 -9999 -9999 -9999 -9999 -9999 -9999 -9999 -9999 -9999 -9999 -9999 -9999 -9999 -9999 -9999 -9999 -9999 -9999 -9999 -9999 -9999 -9999 -9999 -9999 -9999 -9999 -9999 -9999 -9999 -9999 -9999 -9999 -9999 -9999 -9999 -9999 -9999 -9999 -9999 -9999 0 0 0 0 0 0 0 0 0 0 0 0 0 0 0 0 0 0 0 0 0 0 0 0 0 0 0 0
-9999 -9999 -9999 -9999 -9999 -9999 -9999 -9999 -9999 -9999 -9999 -9999 -9999 -9999 -9999 -9999 -9999 -9999 -9999 -9999 -9999 -9999 -9999 -9999 -9999 -9999 -9999 -9999 -9999 -9999 -9999 -9999 -9999 -9999 -9999 -9999 -9999 -9999 -9999 -9999 -9999 -9999 -9999 -9999 -9999 -9999 -9999 -9999 0 0 0 0 0 0 0 0 0 0 0 0 0 0 0 0 0 0 0 0 0 0 0 0 0 0 0 0
0 0 0 0 0 0 0 0 0 0 0 0 0 0 0 0 0.556518642723505 0.319520078962884 0 0 0 0 0 0 0 0 1.67847128223619 1.73178791140472 1.7821041370785 2.26888769971178 2.00134785487384 1.49674677995666 1.38748712502747 1.40525393590946 1.13143746005166 0 0 0 0 0 0 0 0 0 0 0 0 0 0 0 0 0 0 0 0 0 0 0 0 0 0 0 0 0 0 0 0 0 0 0 0 0 0 0 0 0
0 0 0 0 0 0 0 0 0 0 0 0 0.422662225676149 0.646222208887069 0.398362952877154 0.404865929350615 2.54915837460748 1.66659717361922 0.577647346729429 0.931723080378089 1.29592985058309 0.648479833409282 1.21895513154 1.99283147261739 2.06711368252262 0.968171932203803 4.1065600244572 4.09324048938459 3.29343110134806 3.10105353250691 3.48987139690731 3.90527390494218 4.02096635020709 3.42092767167021 2.50408150068627 2.64066788931583 1.3857789465934 1.07954727739689 0.648060693629782 0 0 0 0 0 0 0 0 0 0 0 0 0 0 0 0 0 0 0 0 0 0 0 0 0 0 0 0 0 0 0 0 0 0 0 0 0
0 0 0 0 0 0 0.856828246359176 1.62263676834963 2.03325298690788 2.06673694898608 2.10005968245739 2.1332211872872 2.77825021299733 3.12774523311839 2.7853906634348 2.81140393517543 4.45703538915268 3.82212267776969 2.74145902853806 2.55973129284386 2.97833885017201 2.97322185017772 3.83783261466164 4.68471438336553 4.49912187623412 2.09236221434725 4.31439819089852 4.09058136047102 3.47435651858357 3.67454732395814 3.90171958308678 4.75991637193121 5 4.27538051140281 3.38486961039213 4.41337433922594 3.42226745121272 2.47459711981373 1.67601979340234 0.957872398692336 0 0 0 0 0 0 0 0 0 0 0 0 0 0 0 0 0 0 0 0 0 0 0 0 0 0 0 0 0 0 0 0 0 0 0 0
0 0 1.05188544062817 2.10333461648107 2.13762652117111 2.17175718907897 2.45912843806761 3.82471707861097 5 5 5 5 5 5 5 5 5 5 4.66881461346638 4.05306265845849 4.06574750227647 4.77141648408659 5 4.40983442573383 3.11554551932533 2.05079142125105 2.54892092778252 2.62767913133518 2.82911408815313 3.09429567640888 2.42766331476874 4.41472033014331 5 4.38804758066462 3.26929703099039 2.76162661878489 4.22633017906023 4.2068896171727 3.17202195649984 2.11386745810908 2.60912030019194 0.53237765730272 0 0 0 0 0 0 0 0 0 0 0 0 0 0 0 0 0 0 0 0 0 0 0 0 0 0 0 0 0 0 0 0 0 0
0 0.634118194064701 2.49813987809859 3.92127948842689 3.72192681761788 4.86456771346073 2.87378468394207 3.53321367019304 5 5 5 5 5 5 5 5 5 5 5 5 5 5 5 4.5815698603674 3.72639256522997 3.25289693561392 3.41514862357401 3.21998224046487 2.63987965954389 2.20681014377252 3.23980447615261 4.10594276352334 4.34553564446459 4.33260847751234 4.15840361264233 3.36778175693217 4.10836609227022 4.71362446927836 4.6427801788958 4.19903400853454 4.69389038433304 3.77888618083643 2.71668550245284 1.30241842100075 0 0 0 0.44735565051396 0.442054015076219 0 0 0 0 0 0 0 0 0 0 0 0 0 0 0 0 0 0 0 0 0 0 0 0 0 0 0
0 1.37602913198941 1.99043460526127 1.82520337517897 1.66229662921508 3.21024721710382 2.41674739585683 2.68726160763943 3.85136027600581 5 5 5 5 5 5 5 5 5 5 5 5 5 5 5 4.9506224207675 4.67877118639589 3.42178547131346 2.99230887462022 2.64780639403117 2.2033424351136 3.25311350375672 2.77460792585278 2.20048494926748 2.23893443793301 2.92850768774293 3.26615186944872 3.83393156098313 4.57362739699864 5 5 5 5 3.82891350275953 3.32169357964797 3.71029811949798 3.11350918503057 1.88561070507669 2.17333542431914 2.50413201006791 2.39634961714383 2.40132995836505 0.4686873751596 0 0 0 0 0 0 0 0 0 0 0 0 0 0 0 0 0 0 0 0 0 0 0 0
0 1.73188173405936 2.8818195997075 3.25855024402183 3.32292430694998 3.68800423672681 3.75535756192111 3.77564567350227 4.15210773276801 5 5 5 5 5 5 5 5 5 5 5 5 5 5 5 5 5 3.30986224988792 2.48155809280916 2.17937689544885 2.14668954535855 2.9491124854261 1.68893774856871 1.52702998590275 1.57364449750133 1.75969024309062 4.4081759743599 4.72054951191125 4.90443581739149 5 5 5 5 3.84358755737168 3.14170251318056 3.47809136969926 3.99056613779036 3.07851414479583 3.91977039135233 4.02183400850087 2.83471248859264 2.14986076409434 0.42839504145823 0 0 0 0 0 0 0 0 0 0 0 0 0 0 0 0 0 0 0 0 0 0 0 0
1.02679463896059 3.20729426657049 4.58393482818445 5 5 5 5 5 5 5 5 5 5 5 5 5 5 5 5 5 5 5 5 5 4.71544426916266 2.89287118698237 2.36546465400406 2.10796956491668 2 2.35548118481825 4.42194018109061 4.2764087900792 4.30396827022778 4.34499426598508 4.11092371979409 3.409316876794 4.59898224898623 5 5 5 5 5 4.83589408692839 4.08020175588907 3.32830608331288 4.83228356835276 4.78360536965151 4.38773421641072 4.02528865958014 3.70665204594912 2.90955852178838 1.31934247784971 0.368377666254853 0 0 0 0 0 0 0 0 0 0 0 0 0 0 0 0 0 0 0 0 0 0 0
2.53781189745801 4.20185241026785 5 5 5 5 5 5 5 5 5 5 5 5 5 5 5 5 5 5 5 5 5 5 4.92822977845028 4.45880836795137 3.25849094252533 2.81637525615839 2.55235409861692 2.17582188915802 3.24232352693673 4.55609277203533 3.6326529324585 2.73340578715413 3.11961310270101 2.1972125100532 2.32463264387743 2.85519102552842 3.86014745452231 5 5 5 5 3.93486033930609 2.26735264872864 3.12679960397728 2.43029947932256 2.70179813840438 3.41749148554358 4.16039568321326 4.88170396931153 1.83559793978534 2.10461935206119 1.76101045538001 0 0 0 0 0 0 0 0 0 0 0 0 0 0 0 0 0 0 0 0 0 0
3.68786099609539 4.54548098384672 5 5 5 5 5 5 5 5 5 5 5 5 5 5 5 5 5 5 5 5 5 5 5 5 3.56922194268534 2.55230194910861 2.08801574599413 2.01519162117539 2.10871144892619 2.27378074683039 3.57262853519736 3.83429184834713 2.08096562459389 2.00541581108294 4.0404036963485 3.30672784479139 3.08403107873403 5 5 5 4.47033862613057 3.65314700283549 2.81395267119834 2.06490144363699 2.0059541349653 2.01138814612814 3.11828262494222 4.99242980770221 4.99991141485197 5 4.41827155753595 2.46286808803969 0 0 0 0 0 0 0 0 0 0 0 0 0 0 0 0 0 0 0 0 0 0
2.88124144051978 4.11186318739617 5 5 5 5 5 5 5 5 5 5 5 5 5 5 5 5 5 5 5 5 5 5 5 5 4.22632733890514 3.40243133272063 3.4926502433401 4.7736231823689 4.79168965834969 4.80965935589095 4.91772009866377 4.94964511108979 4.86298777758008 4.88057036107958 4.97281115608901 3.39233316474373 3.01544682672866 5 5 5 4.99985884612048 5 5 5 5 5 5 5 5 5 4.45673834196012 2.52782388566157 0 0 0 0 0 0 0 0 0 0 0 0 0 0 0 0 0 0 0 0 0 0
4.46119390946328 4.77010046583427 5 4.6155661263528 3.44434663278626 4.74490084140491 5 5 5 5 5 5 5 5 5 5 5 5 5 5 5 5 5 5 5 5 4.96803732415935 3.49415940403158 2.93719017631802 5 5 5 5 5 5 5 5 5 4.65207764811413 4.07932156863026 4.93152659246733 4.29266534160519 4.56368111594209 5 5 5 5 5 5 5 5 5 5 3.30768150241172 0.375187566470323 0.0114796201235296 0 0 0 0 0 0 0 0 0 0 0 0 0 0 0 0 0 0 0 0
5 4.47608797213692 3.79289032390157 3.03089912092556 2.23361450936189 4.527741401486 5 5 5 5 5 5 5 5 5 5 5 5 5 5 5 5 5 5 5 5 2.92593302492296 2.01250443910453 2.92076206820603 5 5 5 5 5 5 5 5 5 4.10103179334897 2.57647041146772 4.72563959582915 4.97564119570238 5 5 5 5 5 5 5 5 5 5 5 4.57952644254667 3.20001795295834 0.118740231641098 0 0 0 0 0 0 0 0 0 0 0 0 0 0 0 0 0 0 0 0
4.83527504982038 4.38449889284778 3.20799779360842 2.67431950444648 4.72917413666947 4.95538934692 5 5 5 5 5 5 5 5 4.90108204976376 3.3256700753388 4.32106197097675 5 4.99982769497296 4.98105620184224 4.98361499664019 4.99364069073024 5 5 4.99407818632203 4.92217347471908 2.95248523426216 3.40487239296074 4.86654404968952 5 5 5 4.9567423998158 4.93546774031289 5 5 5 5 5 4.89643315835447 4.20121779824297 4.76240362142397 5 5 5 5 5 5 5 5 5 5 5 4.28642426374034 2.52146666003581 0.113296293499034 0 0 0 0 0 0 0 0 0 0 0 0 0 0 0 0 0 0 0 0
4.4393561352503 4.96050527224796 4.89417216373714 4.87870754434931 5 5 5 5 5 5 5 5 5 5 5 5 5 5 4.27684914624974 2.26979480049135 3.79575304947879 4.68431289380842 4.96584495577003 4.92018810315196 4.78635214270848 3.32356421597787 2.96550627464907 2.56728358786093 3.00159446111653 5 5 5 4.57431825008737 4.39377533212788 5 5 5 5 5 5 5 5 5 5 5 5 5 5 4.9241922839305 4.76903211416627 4.76365401804126 4.75830818834912 4.48269719575137 3.54331190449496 1.88731586051979 0.0985442124272472 0 0 0 0 0 0 0 0 0 0 0 0 0 0 0 0 0 0 0 0
4.38373395531857 5 5 5 5 5 4.97895979008133 4.94212348716737 4.91453910679677 4.9266589597327 4.98435541954064 5 5 5 4.99762463550713 4.93563828317802 4.96991411001236 5 5 5 5 5 4.59934040874282 4.02853913469095 3.75670764372623 4.08324264445038 2.71405827148301 3.01194798574816 4.3882419346188 5 5 4.87962571498544 4.90578508683875 5 5 5 5 4.68325681195949 4.54342792805746 5 5 4.66685973533361 4.76540190629985 5 5 5 5 5 4.49096654611252 3.44199239123032 3.43123563455587 3.8478496728142 3.3977085947727 1.90582143386948 0 0 0 0 0 0 0 0 0 0 0 0 0 0 0 0 0 0 0 0 0 0
5 4.96362144090655 4.90950580581504 4.87445629419339 4.8966279966365 4.78967499887779 3.6519844582387 2.55185068362535 2.20817216926457 3.02202196191138 4.6277001227254 5 5 5 4.96881844173316 3.96499144058534 4.53385579524702 5 5 5 5 4.89463059451088 4.67841912508833 3.9846728482322 2.64855318536331 4.166721360041 2.95153775362395 3.49432674208 5 5 5 4.47781768486713 4.59715882544487 5 5 5 5 3.91083663907309 3.44363805671651 4.92157355564321 4.25232101884954 3.74026157880998 4.29536857581422 4.90951283643487 4.73345641387245 4.97356221696229 4.77745945589133 4.51968632461447 3.80513275747474 2.69489068654568 2.97320324910002 3.24059644355127 4.21309582513474 3.3191683793934 0 0 0 0 0 0 0 0 0 0 0 0 0 0 0 0 0 0 0 0 0 0
4.96780362266259 3.8415125223462 2.5850634406334 2.07507166268347 2.78982595054152 1.45811144438419 1.63966638309037 2 2.19940265954697 3.00426241260657 4.49749834342446 4.67473990842337 4.7289494635313 5 4.94992315226651 2.54127556442146 3.86737280626533 5 5 4.97527445397048 4.31593558137693 3.7868712368009 2.87660258073863 2.56494513280368 4.23590726855489 2.94875729777375 3.2207706835484 4.17973131909038 5 5 5 5 5 5 5 5 5 5 5 4.81865733934108 3.19486224789522 4.38697960274304 4.49773356991688 3.77598516913011 3.47968400599316 4.83987331316539 3.52781275044747 2.76829582623359 2.82877641124744 3.32340011848319 3.80942898585989 3.34686522480701 4.13491180956351 3.35353782003438 0 0 0 0 0 0 0 0 0 0 0 0 0 0 0 0 0 0 0 0 0 0
4.23034096048735 3.55111730898412 2.23578950710276 1.39761152741538 1.29843354865595 1.84926634347009 2.09432212444266 2.10290132036875 2.19063312430644 2.99355618539113 3.94635077423483 3.22953221285765 3.40604813579095 4.62672108349269 4.76270238228932 2.52494630546945 3.84207519591051 5 5 4.91442069521736 1.90607703759227 2.05114042740268 2.64605034239364 2.62450979034499 2.11230087537356 4.52108249159722 5 5 5 5 5 5 5 5 5 5 5 5 5 5 5 4.73958539578042 3.89895463491824 2.94181529310011 2.53181492331606 3.65518809598801 2.11416177005657 1.70897003243632 2 2.09366841490078 2.78298746905932 4.39560604588403 5 3.96110709971088 1.57332763642822 0.130495990367463 0 0 0 0 0 0 0 0 0 0 0 0 0 0 0 0 0 0 0 0
2.04064151230356 1.53708390502436 2.14169244661279 3.73875490378786 3.40377675961744 2.78863353808287 3.08335718449038 2.97141262568208 2.36416862762461 2.98831104353662 4.5755884085501 5 4.11433438523594 3.04138596137753 4.26204161509116 2.44785689233339 3.48303774264457 4.43601458354028 4.54520108587953 4.96933335240202 3.286105202043 3.40020549489724 4.10966869412555 4.14577884064923 2.38550490750043 3.9993640923525 4.75305222806219 5 5 5 5 5 5 5 5 5 5 5 5 5 5 4.02986826386038 3.63244956598399 3.6147079960635 3.39442200153995 2.95828685783681 2.27771193825878 2 2 2.15845130590753 3.38118018379117 3.54377572994714 4.28754172973482 4.68445540024682 3.5259176168394 0.314012791143831 0 0 0 0 0 0 0 0 0 0 0 0 0 0 0 0 0 0 0 0
2.19672816953542 2 2.35505582861848 3.20380384190934 4.21940462928065 4.24830566403509 4.373852246637 4.12256912834784 3.54173560205684 3.55514184559124 4.68379070815043 5 4.18833397702961 3.3049698501362 4.98167963544821 2.36571312386009 2.85327409316167 3.39592896558967 3.40635805279146 5 5 4.21085058949637 3.98855298556738 3.98916494859587 2.64960505014204 3.56028469021718 4.54271884540129 5 5 5 5 5 5 5 5 5 5 4.79182353272277 4.66270662388418 5 5 4.29394533086731 3.71439848536378 3.60953786820879 4.0400939367482 4.4399556655923 3.81932890335726 3.52511838227126 3.08890710301494 2.04644260094292 2.42767009962247 3.25687250072263 3.49880370772733 3.73707873303265 4.03808995672851 0.388169992813649 0 0 0 0.0724656694589928 0.536153210530279 0.155406122550807 0 0 0 0 0 0 0 0 0 0 0 0 0 0
2.40149353966872 2.12388777251664 2.24983259839589 2.56601129571884 1.75609836035666 2.60339410446577 3.30395667939919 4.12133596160287 5 5 5 5 5 4.93677127657742 4.64758582386376 2.06592824118888 3.28896124420182 3.83836405127278 3.08008080679925 4.99493788425434 5 5 5 4.36971937986917 2.03944061535786 4.44860135856158 5 5 5 5 5 5 5 5 5 5 5 4.7736615655233 4.63240339320276 5 5 5 4.25744326102169 3.56055518710465 4.0742641405344 4.87732243576817 5 5 4.30147935227451 2.5164787392062 2.0614941979041 2.88070333601661 3.49936837370351 3.78301735675239 3.41253426021002 0.350083416851726 0 0 0 0.19461703487588 1.49994980477368 1.36078084838341 1.26941325898352 0.854072653545763 0 0 0 0 0 0 0 0 0 0 0 0
3.99460969290574 2.76355095184672 2.32964977312097 2.90539519761605 2.39676465716517 4.07823344786285 4.84072627020832 5 4.94291869729741 4.64179509679047 4.90938220434835 5 4.71038988368676 4.02868576756512 3.21250802112059 2.5826168550105 3.58026930016187 3.98609197838688 3.61508090095298 4.98245470015208 5 5 5 4.4878646098522 2.48311874325878 4.5158642266178 5 5 5 5 5 5 5 5 5 5 5 5 5 5 5 5 3.6175674485282 2.68151820052919 4.61556625023668 4.94719983686474 5 5 4.78201682330728 4.0466158716189 2.2563831906128 2 1.92282140060626 1.60234863387038 0.96893860421868 0.104664715403533 0 0 0.617087604040832 2.2301548680047 3.85153476133591 4.0333232198085 4.04830220037312 2.96293500734013 0.782050911149159 1.34778675637683 2.95422978024968 2.39394749527723 0.937795301976574 0 0 0 0 0 0 0
5 4.00356017900426 3.73815916291835 5 5 4.55365619465217 4.72499812595767 5 4.91413079621489 4.45066634249464 4.85883912096022 5 3.96398764039941 2.08677208420492 2.00311459905342 2.76872647351835 4.14372402942207 5 5 5 5 5 4.40703899952432 3.57218567366343 4.03498476344122 4.80992128677458 5 5 5 5 5 5 5 5 5 5 5 5 5 4.97322646839121 4.48022990964805 4.7834875308596 3.92292460703585 3.23850534050721 5 5 5 5 5 4.77358153292825 2.36415059988711 2 1.03019119805976 0 0 0 0 1.05964226874316 2.82743239557096 4.49229153201408 4.94978227849696 5 5 4.66233922898685 3.81298576674162 2.83739627625447 3.29613607540334 3.09878712513577 1.83481899799474 0 0 0 0 0.550069959595986 1.33349096043392 0.0677464052811669
4.64802783490682 5 5 4.94759642353751 4.59664626870518 4.87979055498649 5 5 5 5 4.64536301143545 3.72343119295874 2.49711354687604 1.57377607033381 1.97865704618786 3.53465072279599 4.57721008795396 5 5 5 5 4.68271054654828 3.51041781986852 2.55704059814473 4.96657972352186 5 5 5 5 4.99715667185278 4.51273510194016 3.64645624014038 3.1548523455544 3.13706314294805 3.15824432414279 4.6656331718918 4.59959115390337 4.63284690919389 4.54476683985857 3.09175772922567 4.39778844179123 4.88119394637855 4.70813228015128 4.51731400839197 4.89224845060273 3.22970442803568 4.28862218044107 5 4.81272369471186 4.08324495147749 1.66830672208985 2.73981969170619 2.15130239837268 0.526751002790767 0 0 0 2.22621462125532 4.66082773633905 5 5 5 5 5 4.85921007527968 3.89088036606419 3.22150412010012 3.8448456063024 4.16115168905591 3.03687521772441 1.74105349207604 0.430001357726264 0 0.116111478971798 0.278896605292399 0.0154900825712067
4.24582425158529 5 5 4.94082806949916 4.52711442851177 4.85721575832534 4.21955255596635 3.65133741546164 3.91173419119655 3.48154453731138 3.07672542372532 1.89349900911458 1.7100541703613 3.00950266221228 2.57918608680361 4.39368018551501 5 5 5 5 5 4.08866852451783 2.87467805626734 2.53262711691269 4.94229261973412 5 5 4.01146575514028 2.81500424458597 4.34882938093843 3.54874608896233 3.32562358007787 3.59580696669226 4.00712149254798 4.01994526626438 3.71264285885143 3.85794888248479 4.42267027361873 4.32231355648896 2.08736275979747 4.49703976583878 5 5 5 4.96363679587749 4.3322886535537 4.73166665458446 5 4.93652282535583 4.52874139219507 1.50971017367299 1.46029009933389 2.45216873669112 2.63990245352652 0.725166729485168 0.094359918120667 0 0.873723901515724 2.71013163351225 5 5 5 5 5 4.61443966343564 1.78122297179749 2.56312688624773 4.03904362095213 4.95360501466049 4.60904998277514 3.00732155485375 2.04312753987505 0.812677839087269 0 0 0
4.38881051052911 5 5 5 5 3.85112051548537 2.66249725416511 2.66769090666858 4.06520979781011 3.73070511233111 2.46891523652108 2.39108414500916 2.78106297465651 2.9215626231443 3.55113609575468 4.64201375893025 5 5 5 5 5 3.14947330389805 2.52380068167866 4.03250566811657 4.32787204109358 3.29341915666948 2.97525638067306 2.46892190393209 1.73383668062533 1.91792881658726 2.77197108939624 2.75558295914917 3.26004831165258 4.42778974678898 4.9932043502532 3.97217837095927 2.997963284903 3.54891392407912 4.50780953782584 2.76812144594024 3.35731795757954 4.43233564714659 5 5 5 5 5 5 4.79859086101375 4.19446528613087 4.24268333464139 4.27332178247172 4.54015477145002 4.24833075343565 2.53869651947663 1.07122723012663 0.272600714830927 0.0721979785895017 1.03766349800727 3.4298044531639 4.81026136718559 5 4.56521686702546 4.38412558213889 4.9523997487296 4.60043619730322 4.72830285871178 4.44051583000883 4.38190271197742 4.97822185085642 4.84092122248385 1.4420863873196 0.0722472263418277 0 0 0
