Rnew_bats/Bats_data_products/bs.asc
NCOLS 434 
NROWS 250 
XLLCORNER -121.69454516 
YLLCORNER 39.36708274 
CELLSIZE 0.00381074763999997 
NODATA_value -9999 
[rows 0 to 33 of 250, columns 228 to 303 of 434]
-9999 -9999 -9999 -9999 -9999 -9999 -9999 -9999 -9999 -9999 -9999 -9999 -9999 -9999 -9999 -9999 -9999 -9999 -9999 -9999 -9999 -9999 -9999 -9999 -9999 -9999 -9999 -9999 -9999 -9999 -9999 -9999 -9999 -9999 -9999 -9999 -9999 -9999 -9999 -9999 -9999 -9999 -9999 -9999 -9999 -9999 -9999 -9999 -9999 -9999 -9999 -9999 -9999 -9999 -9999 -9999 -9999 -9999 -9999 -9999 -9999 -9999 -9999 -9999 -9999 -9999 -9999 -9999 -9999 -9999 -9999 -9999 -9999 -9999 -9999 -9999
-9999 -9999 -9999 -9999 -9999 -9999 -9999 -9999 -9999 -9999 -9999 -9999 -9999 -9999 -9999 -9999 -9999 -9999 -9999 -9999 -9999 -9999 -9999 -9999 -9999 -9999 -9999 -9999 -9999 -9999 -9999 -9999 -9999 -9999 -9999 -9999 -9999 -9999 -9999 -9999 -9999 -9999 -9999 -9999 -9999 -9999 -9999 -9999 -9999 -9999 -9999 -9999 -9999 -9999 -9999 -9999 -9999 -9999 -9999 -9999 -9999 -9999 -9999 -9999 -9999 -9999 -9999 -9999 -9999 -9999 -9999 -9999 -9999 -9999 -9999 -9999
-9999 -9999 -9999 -9999 -9999 -9999 -9999 -9999 -9999 -9999 -9999 -9999 -9999 -9999 -9999 -9999 -9999 -9999 -9999 -9999 -9999 -9999 -9999 -9999 -9999 -9999 -9999 -9999 -9999 -9999 -9999 -9999 -9999 -9999 -9999 -9999 -9999 -9999 -9999 -9999 -9999 -9999 -9999 -9999 -9999 -9999 -9999 -9999 -9999 -9999 -9999 -9999 -9999 -9999 -9999 -9999 -9999 -9999 -9999 -9999 -9999 -9999 -9999 -9999 -9999 -9999 -9999 -9999 -9999 -9999 -9999 -9999 -9999 -9999 -9999 -9999
-9999 -9999 -9999 -9999 -9999 -9999 -9999 -9999 -9999 -9999 -9999 -9999 -9999 -9999 -9999 -9999 -9999 -9999 -9999 -9999 -9999 -9999 -9999 -9999 -9999 -9999 -9999 -9999 -9999 -9999 -9999 -9999 -9999 -9999 -9999 -9999 -9999 -9999 -9999 -9999 -9999 -9999 -9999 -9999 -9999 -9999 -9999 -9999 -9999 -9999 -9999 -9999 -9999 -9999 -9999 -9999 -9999 -9999 -9999 -9999 -9999 -9999 -9999 -9999 -9999 -9999 -9999 -9999 -9999 -9999 -9999 -9999 -9999 -9999 -9999 -9999
-9999 -9999 -9999 -9999 -9999 -9999 -9999 -9999 -9999 -9999 -9999 -9999 -9999 -9999 -9999 -9999 -9999 -9999 -9999 -9999 -9999 -9999 -9999 -9999 -9999 -9999 -9999 -9999 -9999 -9999 -9999 -9999 -9999 -9999 -9999 -9999 -9999 -9999 -9999 -9999 -9999 -9999 -9999 -9999 -9999 -9999 -9999 -9999 -9999 -9999 -9999 -9999 -9999 -9999 -9999 -9999 -9999 -9999 -9999 -9999 -9999 -9999 -9999 -9999 -9999 -9999 -9999 -9999 -9999 -9999 -9999 -9999 -9999 -9999 -9999 -9999
-9999 -9999 -9999 -9999 -9999 -9999 -9999 -9999 -9999 -9999 -9999 -9999 -9999 -9999 -9999 -9999 -9999 -9999 -9999 -9999 -9999 -9999 -9999 -9999 -9999 -9999 -9999 -9999 -9999 -9999 -9999 -9999 -9999 -9999 -9999 -9999 -9999 -9999 -9999 -9999 -9999 -9999 -9999 -9999 -9999 -9999 -9999 -9999 0 0 0 0 0 0 0 0 0 0 0 0 0 0 0 0 0 0 0 0 0 0 0 0 0 0 0 0
-9999 -9999 -9999 -9999 -9999 -9999 -9999 -9999 -9999 -9999 -9999 -9999 -9999 -9999 -9999 -9999 -9999 -9999 -9999 -9999 -9999 -9999 -9999 -9999 -9999 -9999 -9999 -9999 -9999 -9999 -9999 -9999 -9999 -9999 -9999 -9999 -9999 -9999 -9999 -9999 -9999 -9999 -9999 -9999 -9999 -9999 -9999 -9999 0 0 0 0 0 0 0 0 0 0 0 0 0 0 0 0 0 0 0 0 0 0 0 0 0 0 0 0
0 0 0 0 0 0 0 0 0 0 0 0 0 0 0 0 0.556518586641292 0.31952013752854 0 0 0 0 0 0 0 0 1.00708268067232 1.37692297116433 1.83031117525303 2.4445354430243 2.45055444100091 1.58881402896419 1.3874871278875 1.40525393878708 1.1314375543793 0 0 0 0 0 0 0 0 0 0 0 0 0 0 0 0 0 0 0 0 0 0 0 0 0 0 0 0 0 0 0 0 0 0 0 0 0 0 0 0 0
0 0 0 0 0 0 0 0 0 0 0 0 0.42266216441735 0.783655468400802 0.796725909514867 0.809731862474671 2.33742281820982 1.71638267368545 0.848362792170233 0.931723051535558 1.2959298231545 0.989049947114117 1.15545823133186 1.53710249270459 1.76690197711921 1.41500930744543 3.02187649322724 3.17813347437481 2.79657269542385 2.59914248492964 2.99417940037341 3.39884848310407 3.51048317709487 3.31244451103988 2.82040862227063 2.11315809701955 1.27983939297683 1.07954728143756 0.648060763140531 0 0 0 0 0 0 0 0 0 0 0 0 0 0 0 0 0 0 0 0 0 0 0 0 0 0 0 0 0 0 0 0 0 0 0 0 0
0 0 0 0 0 0 0.856828150062559 1.41120069874034 1.49202442838725 1.29509657709137 1.65293218379124 1.70657696142483 2.34500583565656 2.87962421012648 2.89269533755397 2.90570197343717 3.72851761062976 3.41106142567522 2.77744958384515 2.55973125538682 2.97833881124361 2.98661093091464 3.27759172305885 3.50100568686923 3.40824843260554 3.01489773216497 3.7714659925871 3.39372097777684 2.7819615414707 2.6224052619259 2.99114934278965 3.78273701007867 4 3.61275289377753 3.08143163246959 3.42036094013139 2.75418773248961 2.58776578001624 2.26954728822251 1.43680871455156 0 0 0 0 0 0 0 0 0 0 0 0 0 0 0 0 0 0 0 0 0 0 0 0 0 0 0 0 0 0 0 0 0 0 0 0
0 0 0.841508211219304 1.68266770871837 1.71010123249758 1.73740576685091 2.3345453395904 3.0719754674435 3.51613372727997 3.52837839699029 3.96103409778279 4 4 4 4 4 4 4 3.83440734525246 3.52653133321748 3.53287375513275 3.88570820846194 4 3.44670915431738 2.44207903259963 2.43589784843067 2.75784289268846 2.69400441223993 2.52175963817683 2.51174337711405 2.98373374246531 3.30957786511443 3.74360600241408 3.62046896511027 2.88757873301345 2.38576702533827 3.36087565252205 3.63576104761118 3.13982504244002 2.27329497645259 1.96055143595136 0.399283362313381 0 0 0 0 0 0 0 0 0 0 0 0 0 0 0 0 0 0 0 0 0 0 0 0 0 0 0 0 0 0 0 0 0 0
0 0.951177177285792 2.46049268143307 3.53134597532372 3.57397555935307 3.95485586169963 2.58252329653915 2.76450901154283 3.65850457518387 4 4 4 4 4 4 4 4 4 4 4 4 4 4 3.72104663589868 3.12047735245803 2.64080021005825 2.61824603933607 2.83388660292804 2.63987972901608 2.1624587222395 2.96479741611709 3 3.19677409017447 3.2133392629983 2.94188097975135 2.679844718615 3.17958904588198 3.71362442451612 3.76185349474433 3.44714285436442 3.69741992301939 2.4522119501009 2.13674484365857 1.30241855431789 0 0 0 0.447355613419711 0.44205405809304 0 0 0 0 0 0 0 0 0 0 0 0 0 0 0 0 0 0 0 0 0 0 0 0 0 0 0
0 1.71808959820065 2.49024711182378 2.48335575996484 2.5716325656788 3.36718007771344 2.81495646532123 2.72888880668575 3.23424008165144 4 4 4 4 4 4 4 4 4 4 4 4 4 4 4 3.95062244678351 3.67877121658916 3.16827119560665 3 2.88675094270986 2.7332675819694 2.98667840814728 2.47111621671069 2.29753566880543 2.29161184356641 2.40463398620138 2.97757674888729 3 3.57362733467129 4 4 4 3.80782652095207 3.31509132237366 3.02459860880409 2.93887653006838 2.33655077823792 1.72526843934631 2.17333538239541 2.50413203609929 2.39634963586029 2.4013301024492 0.468687503119669 0 0 0 0 0 0 0 0 0 0 0 0 0 0 0 0 0 0 0 0 0 0 0 0
0 1.73188150681133 2.82622576927304 3.12927513600567 3.17993023797847 3.53135574553565 3.5851191943247 3.39049664744407 3.43473842986977 4 4 4 4 4 4 4 4 4 4 4 4 4 4 4 4 4 3.26057788482949 2.60967542823062 2.52364368821453 3 3 2.24846440025337 2 2 2.27986220796106 3.69959342469163 3.77397044283687 3.90443580679198 4 4 4 4 3.42179383704673 3.07085124311748 3.14751648968153 3.00254066694288 2.86642562936824 3.42628119811986 3.51091705375747 2.83471253188061 2.14986080114439 0.428395149713274 0 0 0 0 0 0 0 0 0 0 0 0 0 0 0 0 0 0 0 0 0 0 0 0
1.54019181638664 3.00383223218387 3.79196738278178 4 4 4 4 4 4 4 4 4 3.66545648570967 3.52374400227454 4 4 4 4 4 4 4 4 4 4 3.81029628637517 2.59524755149251 2.30160754799082 2.10796957738086 2.07586038577897 2.43616945545985 3.69414219113139 3.63820442328636 3.59694721007745 3.60879610451327 3.55546190051628 3.20465845997695 3.79949107058511 4 4 4 4 4 3.91794705657857 3.54010093275537 3.1525004378957 3.85400938181233 3.87848070957183 3.4361010205953 3.06794722290676 2.98020705724796 2.90111502949014 2.0375034947473 0.736755431096549 0 0 0 0 0 0 0 0 0 0 0 0 0 0 0 0 0 0 0 0 0 0 0
2.84692857147171 3.66082212863398 4 4 4 4 4 3.67268867785965 3.49871751874714 4 4 4 3.86385870746272 3.80695491960528 4 4 4 4 4 4 4 4 4 4 3.95215321718915 3.63920562377221 3.03437402134849 2.81637526538609 2.82246130406686 2.87341674356531 3.14343270656126 3.77804632715939 3.54421769531042 3.14759234384229 3.12137179781683 3.00733983956287 3.09731049915027 3.12421587232408 3.43007366699007 4 4 3.31611172554739 3.60531121274481 3.6339577317195 3.01425094853562 3.07672490864316 3.07350579770673 3.02884002337415 3 3.17075196445932 3.93266199991535 2.41779907195854 2.5159750308839 1.76101061605643 0 0 0 0 0 0 0 0 0 0 0 0 0 0 0 0 0 0 0 0 0 0
3 3.65175795952769 4 4 4 4 4 3.87665443367038 3.81199612403921 4 4 4 4 4 4 4 4 4 4 4 4 4 4 4 4 4 3.28461104244395 3 2.72102545541552 2.23131728816586 2.93432493784225 3.0811593337297 3.52420946002911 3.30031877679444 2.09368683153072 2.0878262779682 3.44226701248285 3.42177236482688 3.34598782485322 4 4 3.95980041164712 3.44916667962402 3.02699874728268 3 3 3 3 3.36609776327194 3.99242981580036 3.99991141489792 4 3.4182716079695 1.84715121494566 0 0 0 0 0 0 0 0 0 0 0 0 0 0 0 0 0 0 0 0 0 0
3.11765763685631 3.64269376368032 4 4 4 4 4 4 4 4 4 4 4 4 4 4 4 4 4 4 4 4 4 4 4 4 3.29262214230355 3 3.26160396839469 3.85777129297795 3.92485151084165 3.93655312995803 3.97257336781442 3.96643008820173 3.90865854107736 3.92038026342197 3.98187410582471 3.4641111172793 3.33848221400644 4 4 4 3.99985884096331 4 4 4 4 4 3.64776053282147 3.19938905506355 3.97096361146702 4 3.425187479436 1.86777245636282 0 0 0 0 0 0 0 0 0 0 0 0 0 0 0 0 0 0 0 0 0 0
3.82039799976948 3.92336680737225 4 3.80778313220235 3.18848802318188 3.18165902240011 3.70853138662597 4 4 4 4 4 4 4 4 4 4 4 4 4 4 4 3.54562611980789 3.33699537891198 4 4 3.9680373360368 2.99615917209577 2.63255732498861 4 4 4 4 4 4 4 4 4 3.66902341894596 3.13361226765737 3.93624818401016 3.29266540744935 3.56368106606586 4 4 4 4 4 4 4 4 4 3.49054761394903 2.07676715518098 0.281390722469775 0.00860973310846501 0 0 0 0 0 0 0 0 0 0 0 0 0 0 0 0 0 0 0 0
4 3.47608804022063 3.15423127480579 3.11346417576221 3.02799583749874 3.72361364601873 3.95406913831025 4 4 4 4 4 4 3.76396860329836 3.12854504596782 3.87121474446339 4 4 4 4 4 4 3.98919312438078 3.98836499846009 4 4 3.30792914338765 3.00416815238487 3.3069206302912 4 4 4 4 4 4 4 4 4 3.70034399251581 3.18548303142661 3.85587850251483 3.97564118671728 4 4 4 4 4 4 4 4 4 4 4 3.6363383737654 2.50097175746677 0.0929277627081375 0 0 0 0 0 0 0 0 0 0 0 0 0 0 0 0 0 0 0 0
3.12010195107148 3.04350343635302 3 3 3.02363341487211 3.82634476650033 4 4 4 4 4 4 4 3.99202422759101 3.92622614818035 3.16003525624585 3.66053090247018 4 3.99988512250123 3.98722929508925 3.98533582756791 3.99364068453474 4 4 3.92208899632599 3.11937241377249 3 3.45861837463286 3.9555146686215 4 4 3.9438153184885 3.91342428606456 3.90749797287999 3.9119441544057 3.99038813782482 4 4 4 3.89643321312653 3.20121786361429 3.76240357443215 4 4 4 4 4 4 4 4 4 4 4 3.64321218153603 2.5214668066482 0.113296437726158 0 0 0 0 0 0 0 0 0 0 0 0 0 0 0 0 0 0 0 0
3.56358652069658 3.93487413994621 3.94180101385782 3.94869562180699 3.95621106106337 3.99313389757906 4 4 4 4 4 4 4 4 4 4 4 4 3.51789958615992 2.16220793468327 2.92836009052411 3.68431282896453 3.96584495407536 3.92018808772047 3.85016166490677 3.11567533572168 3 3 3.28085187131668 4 4 3.39952141100284 3.13460351099987 3.14053013518656 3.22957438414124 3.9153768056889 4 4 4 4 4 4 4 4 4 4 4 4 3.92419229079638 3.76903209858506 3.76365400245472 3.75830817275729 3.7529946095089 3.22124203913689 1.88731592971559 0.0985443166863392 0 0 0 0 0 0 0 0 0 0 0 0 0 0 0 0 0 0 0 0
3.78963441378404 4 4 4 4 4 3.989479886537 3.96609738114892 3.94524662133886 3.96332946064239 3.99217770316539 4 4 4 3.99762464063679 3.93563827559014 3.96991409748987 4 4 4 4 4 3.59934048154386 3.06163941104094 2.87421677935583 2.98100009961004 2.90230730436851 2.9908866792659 3.38824188808927 4 4 3.87962571559907 3.90578506619177 4 4 4 4 3.89441894229992 3.8478092843647 4 4 3.83342986981476 3.88270093101249 3.92249803468905 3.77800942115656 3.97957777982707 4 3.85889942500335 3.39740096129499 2.72099617899586 2.71561780065331 2.92392481718619 3.15939146492717 2.16818020435779 0 0 0 0 0 0 0 0 0 0 0 0 0 0 0 0 0 0 0 0 0 0
4 3.9818107130525 3.96215443431615 3.95525910277934 3.94839604060192 3.89483747327424 3.30634091857275 2.55185075332982 2.20817208379415 3.01101089628048 3.81384997748266 4 4 4 3.97479103642685 3.17195063106896 3.63089003522242 3.94019403002391 3.88983847428801 4 4 3.89463059549684 3.75439905557034 3.32311531005085 2.38850855542233 2.74926382606641 2.40263791383872 3.03217233906703 4 4 4 3.47781774877635 3.5971587835682 4 4 4 4 3.63694560117209 3.48121265276464 3.97385786669733 3.75077367375536 3.41227746905752 3.64768425505539 3.69231807934281 3.11052936664224 3.91337703594638 3.77745946042401 3.32886330427218 2.78161880193355 2.36784790553829 2.64078182170276 2.91254638225195 3.35034546263144 2.42407924678333 0 0 0 0 0 0 0 0 0 0 0 0 0 0 0 0 0 0 0 0 0 0
3.98390180060638 3.42075635221886 2.96718619903111 2.9072318793939 2.90036845711191 2.18696250556988 2 2 2.19940257406787 3.00197874330928 3.6923334554958 3.76398399169433 3.81929959534171 4 3.98052869916089 3.03863941684698 3.554697911622 3.65373847439234 3.37666034609928 3.98763725632763 3.65796779092829 3.07499794132847 2.43830133814678 2.37662996537144 3.490604890518 2.63250496694683 2.978308438042 3.58986561680422 4 4 4 4 4 4 4 4 4 4 4 3.91116924386126 3.10828057910905 3.46476831249593 3.49604923128821 3.22089100998657 3.10327635219149 3.90616614659584 3.03656683312299 2.63576986317465 2.63032637739022 2.69848488274424 3.1898926786483 3.34228218227728 3.39112485066714 2.27799601995252 0 0 0 0 0 0 0 0 0 0 0 0 0 0 0 0 0 0 0 0 0 0
3.64724496382388 3.30284674916982 2.59291530523044 2.14079839419605 2.14766217658031 2.15449368621052 2.16129292307515 2.1029013467974 2.19063303881865 2.99355610069863 3 2.63413040347174 2.96437629646121 3.79201605727482 3.77087800313455 2.33604659417526 3.22804997235596 4 4 3.95439742670387 2.34854553314712 2.16307819329 2.380358762439 2.41633993021981 2.07486710472255 3.68072151712885 4 4 4 4 4 4 4 4 4 4 4 4 4 3.9485404101472 3.44577921591167 3.11851969305419 2.88684329334708 2.84473017006775 3.02002091913429 3.17747121973219 2.35368164437875 2 2.12855381522217 2.42312992279532 2.42850914779066 3.55607865970595 4 3.14022584445795 1.17999584514754 0.0978720626857123 0 0 0 0 0 0 0 0 0 0 0 0 0 0 0 0 0 0 0 0
2.67138924184568 2.3620773871513 2.3640780742219 3.03154275542769 3.18982604509693 3.20252772330028 3.20932731688407 2.83719607459551 2.36416857797201 2.98831097858863 3.18607929237597 3.69014020078362 3.60627416748667 3 3 2.19737461597291 3.04431497440713 3.71800727118596 3.77260050434084 3.97955567711263 2.85740360787481 2.85382686287671 3.29056614537597 3.37214791235649 2.36573687161849 3.44370508928702 3.87652608240555 4 4 4 4 4 4 4 4 4 4 4 4 4 4 3.32015052958322 3.06506732405649 3.08824236690718 2.9506256613219 2.50894965193808 2.45484588276099 2.23122304313215 2.16062686220879 2.57765610841783 2.955498023133 3.02568047106341 3.52502775034713 3.68445544995354 2.64443835936374 0.235509737706048 0 0 0 0 0 0 0 0 0 0 0 0 0 0 0 0 0 0 0 0
2.35858260845288 2.2230422375805 2.50337440373701 3.08318200748323 3.49258051690315 3.49887039960309 3.63121692228841 3.56128459928385 3.27086782259201 3.27757094436586 3.84189529877889 4 3.7294447251582 3.30406066939086 3.31060241007533 2.27112659272084 2.59715983913245 3 3.20317894884422 4 4 3.60542535644573 3.36177438967118 3.28771096598132 3.00794985653163 3.31357198759773 3.77135938711278 4 4 4 4 4 4 4 4 4 4 3.79182355094427 3.66270657963635 4 4 3.64697271117924 3.23373161507912 2.98019151100646 3.04009391055162 3.43995565697273 3.50289619672276 3.26719705840262 2.87678623581327 2.51551412901053 2.48033161425082 2.51214048121871 2.7345923229804 3.11078000769324 3.14977892289626 0.302877270882778 0 0 0 0.0724656465433394 0.536153205405836 0.155406153609493 0 0 0 0 0 0 0 0 0 0 0 0 0 0
2.80862582415431 3 3 2.8509188267711 2.04787075330236 2.45099947840127 2.99855145533938 3.56066793586763 4 4 4 4 4 3.93677130122224 3.64758583057365 2.35038651925738 2.58872722896379 2.85187696257846 2.88525001444788 3.99705504509533 4 4 4 3.70249254217179 2.5964073557108 3.73744624225363 4 4 4 4 4 4 4 4 4 4 4 3.77366160705078 3.63240337970054 4 4 4 3.50496221448629 2.94996806462933 3.07426408365532 3.87732237968452 4 4 3.71350140489802 2.91044222830521 2.10738283482165 2.29356774111744 2.49978944942477 2.83692225309055 3.04898187968308 0.313165786850986 0 0 0 0.269072676852878 2.07667676447467 1.53314340395922 1.26941330481255 0.854072737580261 0 0 0 0 0 0 0 0 0 0 0 0
3.3121605410391 2.97834986479569 2.7838308520244 2.95319225406991 2.697830070659 3.40976809876758 3.84072622877147 4 3.94291872500289 3.64179510578075 3.90938216679112 4 3.8551949655433 3.42883533627917 2.61920001606102 2.45187904472285 2.99997457111583 3.20610883749369 3.07672055117013 3.98830304777791 4 4 4 3.68982051096401 2.47806741504434 3.70771717446776 4 4 4 4 4 4 4 4 4 4 4 4 4 4 4 4 3.07837841597313 2.41760729220133 3.61556624905688 3.94719981716332 4 4 3.89100843927477 3.48205037637148 2.18538325645331 2.43118538814199 1.88109328863056 1.089994798929 0.968938592078586 0.104664759265501 0 0 0.617087535387758 2.11626571591008 2.9181646798018 3.25590538847416 3.36553484815401 2.72354487799459 1.38531314175288 1.39510544825726 2.43776426356974 2.06746389908549 0.937795387385375 0 0 0 0 0 0 0
3.7400310073341 3.16124987179098 2.95348381665373 3.46215960972056 3.95975365822731 3.26261445535038 3.54051841790179 4 3.8532150187487 3.05008133124645 3.75305262507039 3.75804975409122 3.19905520655972 2.5349705572518 2.45785588086281 2.87540175274441 3.57186193554375 4 4 4 4 4 3.8023463611361 3.49254535633904 3.5182815058997 3.90496061410837 4 4 4 4 4 4 4 4 4 4 4 4 4 3.97322650429428 3.48022992543223 3.78348748545405 3.37639815704757 2.98188972303462 4 4 4 4 4 3.84905446111741 2.24276717083231 2.68176027535305 1.54528694867802 0 0 0 0 1.05964220770563 2.61155150581997 3.71575460841403 3.72081242737082 3.92137319507483 4 3.83116965254243 3.39059272739781 2.80094490267483 3.11425115211301 2.98429585236083 1.83481911896312 0 0 0 0 0.550069924164444 1.33349105487626 0.0677464585307714
3.34366134890317 3.71684259558838 4 3.94759645880764 3.5966462836095 3.4738349392459 3.50319527661721 3.69647815037033 3.92589278249323 3.50093832202346 3.51152071147357 2.7048885967247 2.01340749881377 2.15389703408894 2.95707417826928 3.38719950786766 3.78860501688842 4 4 4 4 3.6827105727872 3.06352300549352 2.72947460398585 3.98254949776304 4 4 4 4 3.99715671282796 3.5127351220844 3.39091277339846 3.13013193179529 2.75804204355397 2.77216275076188 3.77708869107498 3.59959117806891 3.63284685418537 3.69651129467532 2.72364185836428 3.50379500716797 3.88119393590504 3.85406617077417 3.75865700511133 3.96408285443019 3.40990149250607 3.76287401284903 4 3.81272372575497 3.20036098673553 2.16473654448311 2.6748019958131 1.91377665346586 0.526751057917818 0 0 0 1.85399077679178 3.83041387540961 4 4 4 4 4 3.88376114376938 3.08057227437459 3 3.42242278583697 3.35297062475343 2.33138640639252 1.68821077152455 0.430001429617958 0 0.116111449591296 0.27889657166491 0.0154900902913691
3.54231211915716 4 4 3.94082811933665 3.52711449879241 3.85721572104465 3.21704036574733 2.8216611296074 3.48889605233316 3.48219117234268 2.7398368498896 1.96352108132987 1.87984870297897 2.61053520501241 2.97689442148369 3.75177675167597 4 4 4 4 4 3.42890061810392 2.62567928569927 2.35508459737849 3.96152826751733 3.51338274438418 3.74124076139686 3.50573294574905 2.84562304007413 3.35285865070554 3.06973429139641 3 3.13262437481894 3.33808104885284 3.34955407596467 3.32699056406148 3.11925180152907 3.42267021114187 3.70593080596747 2.72118569160158 3.19299571425205 3.73931816795291 4 4 3.98787894842304 3.77742958879437 3.9105555467208 4 3.54715714308532 2.27233345882252 2.6931818641858 2.92369061345322 2.78856143318351 2.07323183461979 0.725166792898053 0.0943599594517315 0 1.167687127223 2.85506570451989 4 4 4 4 4 3.79826113444317 2.31836821761639 2.75980572920899 3.51952177186668 3.67724664779983 2.98249062937506 2.87525802439245 2.04312762685793 0.81267792488087 0 0 0
3.69440516334239 4 3.84404735476271 3.52956012628683 3.95075565511058 3.23408039895949 2.44166488829808 2.31721604905015 3.06736529892363 3.52271023593973 2.42930889376295 2.30711365646905 2.72393465567511 3 3 3.74330189422222 4 4 4 4 4 3.07473675989625 2.69784309051209 3.31794101149996 3.33709450155875 2.55530917482422 2.51337396486133 2.3939416547316 2.05810824303587 2.30343267818278 2.85474278814952 3 3.11518033368521 3.42778967739758 3.99467847806201 3.19141184507807 3 3.41512212496112 3.78161054057901 3 3 3.62819284496723 4 3.81817075464903 3.24943848230008 3.87527554605689 4 3.28643057040825 2.69911374608832 3.62565560088227 3.78635264260081 3.81833047366672 3.8236473829058 3.51575739392974 2.53869666342093 1.07122735032544 0.272600763898576 0.144395916198509 1.1004221172741 3.21490216225567 3.90513064229062 4 3.56521689033216 3.38412552568361 3.97619988961607 3.80021815850243 3.86415146148717 3.48942255387839 3.35162106030462 3.909094957046 3.9138307031193 1.1907144520057 0.072247205176191 0 0 0
