Rnew_bats/Bats_data_products/FireReturnAll.asc
NCOLS 434 
NROWS 250 
XLLCORNER -121.69454516 
YLLCORNER 39.36708274 
CELLSIZE 0.00381074763999997 
NODATA_value -9999 
[rows 56 to 83 of 250, columns 315 to 377 of 434]
11 11.9332223908287 14.5750981823371 30.4684552549275 21.7623472004437 18.5307592127657 34.9294596683454 34.6588348005079 34.8994051175448 26.2061979073421 12.161322550032 12.685673638088 11.7753714760563 11 11 11 11 11 -9999 -9999 -9999 11 11 11.8082616669737 30.1015452856272 29.9160565404804 20.7563847076965 11 11 11 11.9386352807208 13.7675223953672 15.7147222736883 16 15.1256554131762 13.4770286349705 11.1800629926253 11 22.2085159125754 29.4980570671585 11.2046203770622 11 -9999 -9999 -9999 -9999 27.1837333082582 25.131706166585 26.8063141704059 26.1005952892115 41.1254656911332 51.0824031101877 49.4448694250891 36.5060761430001 34.3644915061353 34.0565968242427 -9999 -9999 -9999 15.5858259430701 14.819548907308 11.008373297241 13.9361750552439
13.0494354609847 20.3965443523305 35 35 21.7350985551332 19.295996595635 31.9035806011724 14.3721305987923 26.1989047488508 25.6154353119406 11 11 11 11 15.159438461048 30.3221783674201 19.2810352761811 13.0196287305399 -9999 -9999 -9999 11 11 11.5148438191863 18.2187816254891 -9999 -9999 11 11 12.6654496704787 14.4994489001946 15.615303254777 13.8953795236815 20.9618775187064 18.0744646176737 11 11 -9999 -9999 23.4972415306954 11 11 -9999 -9999 11.3086755463933 14.1986556900146 12.3331816389144 18.5923357911047 32.1000884623551 27.4113286679997 25.8551391026818 19.7789671808345 15.0956462147818 33.4076286171303 35 35 8.98457178508362 -9999 -9999 13.9302632943975 15.7490138082766 14.9719530384588 15.7544058367012
24.4094272724938 35 34.7791674791422 33.1968168505986 29.2639569485335 20.705172253944 14.1042570661818 32.4285744993069 34.8389755916289 26.9445336383954 17.3864966207964 24.2125384880615 18.088536823311 15.3559911888718 15.1011744102846 15.1453338694907 12.8782613181058 11.5226333972921 11 11 11 11 11 11 11 -9999 -9999 11 11 12.6099726553003 13.5316054542927 13.1414751467092 11.1312071662544 20.8446099067254 18.4872247899907 13.1875693684446 17.921625724373 -9999 -9999 -9999 -9999 -9999 -9999 11 12.9811465250606 28.5378220931897 20.7824665303369 12.569540208129 14.2856500298673 31.5562244719416 21.9006522272574 13.9677078038247 15.7678897805271 34.0635000460122 35 -9999 -9999 31.9914429449765 31.4301882033848 22.9153182127009 16 16 16
23.0239152936754 33.0535262409461 32.6018167970943 15.7383193824079 26.4460846103613 25.3071245312206 11.0692698788362 11.1153734052423 27.6542619654337 24.3621421799854 12.4775447265144 16.7736363170238 16.3030382780526 16 15.7948168347803 15.0098683667421 11.8609250637445 11 12.1641380641833 14.6582649576225 14.5475597719259 14.4366909204327 13.1341603554001 11 11 11 16.6353799656787 22.0276556294465 11.8622598307516 11 11 11 11 18.4775083661074 20.5064081523208 -9999 -9999 -9999 -9999 -9999 -9999 -9999 -9999 12.687403918859 14.6235938198958 12.0239636409763 25.0020738643363 24.221773786287 12.0072199644783 11.2968611838536 14.5652591932937 24.8348613920888 34.69860132181 34.9916913487194 21.5802876129862 -9999 -9999 34.1532529135394 18.7356054746555 24.5136213974456 -9999 -9999 -9999
11 20.0504829019129 35 35 28.4991499135242 21.7184301858064 15.1953983639484 11.2399300882347 11.5883660306089 11.7056085210128 11.0929642119187 11.4989250887698 11.608318464957 13.9690481153652 18.4041447854686 23.4623846523448 13.4148335285442 21.6094913596551 27.0730893894591 22.5181310875411 16.9659236082682 16 14.0639571430735 11 11 11 15.5221826963422 19.7215215567283 11.4393443470525 19.7115501355204 22.4941522256599 19.2294589151051 11.267095270477 29.564556828739 -9999 -9999 -9999 -9999 -9999 -9999 -9999 -9999 -9999 -9999 32.4510566448412 19.8944024563414 15.1549355836211 19.2966156367475 24.3953729722543 16.2927340887627 16.3165741131178 20.968959798055 22.4184359953071 12.5974620585975 29.132737213155 33.7354667650473 27.72972610059 15.040134432319 22.1120487272458 18.601336491446 -9999 -9999 -9999
11 19.6556673058168 33.2367584661908 34.8879728017576 18.3820212600799 21.7139055752691 29.7688981855705 11.4796206309814 11 22.3400553820975 27.09142085316 11 11 13.7713118216474 19.1669170300255 25.1316887521525 16.6718570386336 18.2688091983285 18.7445403622235 14.881951480518 12.8581624191189 14.8354686682741 15.2725166435591 14.1406413462516 14.0292866373265 11.8652924557931 11 13.9525706548966 23.2799801287224 32.0026737844478 29.1647574167313 20.5462924882171 11.9716899699535 30.2701743928932 -9999 -9999 35 35 24.5277114628249 15.0015613866345 -9999 -9999 -9999 -9999 -9999 28.544451784948 35 34.0314359400623 29.6059757451889 16.7646024494754 30.3113075644339 22.3469340825916 11.330682100788 11.0673604566259 12.5142541528681 13.4186844216712 12.9684269554921 -9999 -9999 -9999 14.911507544145 15.0958663646195 17.1219280844236
11.9794324653957 11 15.3157347513995 32.6315119784011 17.4535330049507 13.3765516215078 20.7126285482919 34.1953405329143 19.901477677612 14.0766790961694 12.5679019254651 11 11 11.4614401875887 12.5239870208531 14.2458799826806 15.7877111763539 16 15.4696919384094 13.9882497279533 11.2745304610137 12.1427048757946 14.2159474155462 16 16 12.3375110831486 11 13.8949869951176 22.7824172707382 23.3208353947012 22.9227940692262 18.3419240947769 11.9736655691647 23.053994819656 -9999 -9999 27.3085760478612 29.0062110137399 29.6182112478494 22.2930978033924 14.1045245658697 28.5650497976501 -9999 -9999 -9999 -9999 -9999 -9999 18.0686215109224 33.5328153946852 16.0436109417986 11.1615986846483 11 12.1541776933393 22.5923356485791 16.2578467430773 12.6044581512387 -9999 -9999 -9999 23.7493820568774 23.2884994820297 21.994758550274
17.5640958323162 11 11.3944755592257 12.2281396685106 11.1825465970797 11 11.1332018928861 12.650819225041 29.5860263201483 20.8762245190839 17.9934824575647 30.6330092364142 17.7398404211353 15.1713048009445 13.543096946691 13.7298899358965 28.6169143642724 20.8010253300669 16 15.7223027018185 14.4815431222118 11.9489482561299 13.3699873885337 16 16 12.1922352684094 11 14.6047712578725 22.449113319335 13.1666104756691 24.779680288784 30.4289247884206 19.9018388366262 12.2916276671126 20.4895686826688 21.320501154733 13.1131058425876 15.6907222481853 15.0698344733005 13.6558845243118 12.1516096036281 12.0374777302795 11.2543964699456 -9999 -9999 -9999 -9999 -9999 27.0230494818635 12.4910405113391 30.791736227568 20.6839575379343 -9999 -9999 -9999 25.1570059653316 31.9456613285837 -9999 -9999 -9999 -9999 -9999 7.56159537106672
14.1208929207289 12.0741254904213 17.0429809336542 34.6557496309259 16.3544709594661 11.015932197376 12.4791442447159 15.5453281914623 13.0778155122299 14.5395510061525 14.7994269757919 16.2205712157819 29.9805405139671 21.6574699882412 15.6074689540894 15.1283465384753 16.5972822936434 16.3923726424652 16 16 16 14.7059160887954 15.075969645262 16 16.2526513944755 22.6994021723646 16.7809919828329 14.662183767162 23.1153017681062 22.5397755739496 23.2511598571501 24.7542445046657 23.4574099081074 12.6155186260502 11 13.0812134059486 15.7193394384522 14.6292262987575 13.0278759979747 13.414845004503 14.8852655681874 14.9993947972795 -9999 -9999 -9999 -9999 -9999 -9999 11.0649760949662 13.2508520210057 31.5145711905072 34.5564315648491 13.3404966936502 -9999 -9999 -9999 14.5086789419649 -9999 -9999 -9999 -9999 -9999 15.4133545818272
29.1121230351799 23.5815968707621 1.75022707460948 -9999 12.7445099482478 24.5396195272065 34.3777476843255 32.3588456126826 18.2458301801533 26.4719673477101 26.1972486404879 15.7863742228985 18.6551127886381 14.3983726420566 13.7311282231346 15.7827110903976 14.8217259695492 15.6225631296962 22.4895141788552 25.8724864617507 16 16 14.3490730775073 13.8883068168032 16.4592607807561 22.945406734875 24.2356603275596 19.0081797367403 12.3233843530475 22.1824460671464 15.9188987458727 11 11 11 11 12.4949270115935 13.7449442485791 11.1040683461198 13.7099984957096 12.9187299371682 11 -9999 -9999 -9999 -9999 -9999 -9999 -9999 13.1061717919031 15.3886234394646 11.8680177531855 -9999 -9999 -9999 -9999 -9999 21.9579838305987 16.3568144903292 34.6596351776521 -9999 -9999 -9999 -9999
30.2758703874436 34.0468364138005 -9999 -9999 -9999 20.1128382417106 16.6694920350098 19.1212657220128 31.6439377617287 23.2772649686785 17.3729851627016 16 16 26.09924999359 30.4458748619674 27.3514701997636 16.214096724599 16 18.8880955340037 20.4218149171921 16 16 14.9161643138655 14.6170827434579 16 16 19.9228413860818 18.4828801375308 11.327638353852 13.0553737147051 11.7346681002109 15.1998584771871 18.5999032630856 11.4414096248682 11 11 11 11 11 11 11 11.0473679400595 11.6612325857189 11.2957113243925 11 11 11 19.9565386319162 21.8771628711451 15.2382698272055 11.4249857135978 -9999 -9999 11 11 13.4053536494437 12.9660976390544 12.1216435411159 15.9838227269106 16.5457593071964 26.7984183139079 -9999 -9999
32.9131698814342 20.5703204739306 11 11 11 25.846685389972 27.1555492225696 16.1826458599678 17.4918445465067 16.6665285475568 16 19.226440490442 31.1216564704678 33.9814406263852 35 30.2333675037396 16 16 16 16 16 16 16 16 16 16 12.797799151774 11 11.829103743076 15.6425581907171 12.5439853576593 21.8934708838839 30.2158533483492 13.2583955647905 12.6853843613847 12.5722450240679 12.0688805750601 11 11 11 11 11.332228916723 14.5633340367295 12.708489511506 11 11.056840487501 11.2834192323638 11.2018075498889 13.1487949265681 15.0879281812016 11.2744310438026 -9999 -9999 12.0512730832639 15.3735652851998 12.0319332604775 11 14.4438495612693 22.7746069839257 22.4234047748138 19.3332357425803 21.298388427945 27.7033200293516
11 11 11 11.0094526155451 11 11.4437309401991 11.8061989804026 12.1833535896394 15.729883322094 16 23.638082521739 29.0179664160379 19.5402662627056 19.8510993251579 20.2679605770911 23.3767140048699 29.8964515937364 29.4777250071966 21.6454074656481 16 16 16 16 16 16 16 14.3581107532682 12.3829362838284 11.9749606631756 15.7886280828023 12.3977024919482 17.9883475642545 23.5433736371207 16 16 16 14.9378082615063 12.3085819956411 12.1949543316431 11.4485933322911 11.3364148231919 11.8530894064172 11.7388071159779 11.6243611657188 11.5097515543832 12.3811870174038 16.6260490124329 -9999 10.4509866684024 14.9375985021019 11.123888357805 12.0523909340368 14.2865758650413 17.9660172127986 24.4642663459933 17.1880797364914 23.7623237287889 31.1623090379298 31.5582030963775 17.584662824758 23.1742624239579 24.3390059690789 19.5394870405866
11.2310268445248 11 11 11.7686208246934 15.5235878275975 15.8212865494043 15.7128976953311 19.2893323388478 32.5333002838252 17.2670769245608 23.2275290250849 30.1164531465419 15.9196368808499 12.9091742896245 22.2115025277196 27.2938534215052 20.987376535908 18.7367122118116 24.7871906691795 24.0088023014345 16 16 16 16 16 16 16 14.7999066035157 13.895108306032 15.9630951061223 12.2514312727666 11 11.8705742733946 14.2754503696489 14.3884207995526 15.3460817983649 16 16 16 13.5683343250489 13.4666271243466 16 16 16 16 19.376310960973 33.247941134096 -9999 -9999 15.9751112511146 15.7817956191394 15.666043035943 15.7889640087237 16.3324237039526 17.7750069818743 23.1727359183574 26.1938072840887 23.752457843969 15.9208286392033 11.787418851572 15.2037088149709 -9999 -9999
14.9207095580947 11.3555878139841 11.2187958282217 11.0028185384771 11.1016468437777 27.4886462904045 23.1877965095244 11.8177008305887 13.5923605785715 27.6143638534142 22.6213260513399 14.2265346393205 11.9306214633675 11.2054080559977 14.2976184190415 21.5699489570925 27.7627095863749 13.50482292166 15.9137192893381 16.8132685233397 12.8586689106005 12.9695094780871 15.0553253497248 16 16 16 16 14.8414107932826 14.3199692130761 15.919267022561 12.1051717007524 11 11 11 11 13.0985431844539 14.6517537809697 -9999 -9999 -9999 16 16 16 16 16 16 16 23.3332746801045 15.9477263471385 12.4644834753348 16 16 16 16 16.124748297298 17.4195614750053 17.9040451258703 19.8846856559175 22.4430499424154 22.0918722312109 14.6116373533025 -9999 -9999
30.4059462607928 19.1402864673203 21.9470814642302 34.8252719303337 34.3066002520142 17.8913530422118 11.8671639031862 11 11.070372734676 13.5999214312061 12.7158208408772 11 11 11 11 14.6923200878017 22.357588243943 26.8878257621273 26.9627391462053 21.3406464435197 14.1043855475108 13.99354756306 15.3760567616543 14.7024613653203 13.9545567594281 15.9844818607118 16 14.6100291436805 14.0003780610541 15.7732320212769 11.9589237765364 11 11 11.1597948637099 12.3219629823005 12.4246349036668 11.8059594474569 -9999 -9999 -9999 16 16 16 16 15.8051054185381 15.7156535458635 15.8329639240648 15.9878814754064 16.02319146483 15.8770239700848 16 16 26.0577836097061 29.7897186809096 -9999 -9999 -9999 20.0563387912203 26 26 18.0460841137998 12.8597918489697 12.7864689578299
-9999 35 35 29.3437545936873 11.8691338050437 11.3267752408392 11 11 11 11 11 11 11 11 11 11.5439694805986 16.0211841096696 33.2022309162679 24.2243084955227 16.6605338469457 13.5719338513589 15.9152604382978 16 14.8736966816047 14.2412069699093 16 16 16 16 15.7810990406272 13.4471801726381 11.7350242686725 12.8816919253208 15.8614501078672 15.9448252611953 16 14.4542770903295 -9999 -9999 -9999 15.5627439654793 -9999 -9999 -9999 13.5968714037174 11.2474640583119 11.3466350308488 15.0378519919644 16 -9999 -9999 -9999 17.323541285456 18.1027372269984 -9999 -9999 -9999 16.9962887910183 20.0070670735054 25.7236120476693 18.7522058825997 15.2143238329075 13.4515875404355
13.6913590543252 35 35 34.8583774557432 33.9514931876452 33.4320604697629 32.911842497063 32.3908392637763 -9999 -9999 -9999 11 11 11 18.3058959806026 18.719294405409 15.1884172060346 18.6302998516881 13.4221718986471 12.4898960526064 17.2299886979992 27.0918731868589 16.3845271329548 14.7216241935886 16 16 16 16 17.4581687390623 19.6335356717733 16.5104561006797 12.851726817437 15.5622783938056 21.7812754671927 16.576387343564 16 16 15.1963411685885 12.1289653879871 11.896683913854 13.8753361836341 -9999 -9999 -9999 16 16 16 15.9968300250785 13.0816876714511 -9999 -9999 -9999 16 19.5544258330109 22.1193614270677 12.669531668426 12.062580713859 13.9613746795806 18.2938392566584 25.9234266609396 18.4469817332257 16 14.5938929467699
34.1616843319322 34.9244915553228 -9999 -9999 35 35 -9999 -9999 19.2812780757118 -9999 -9999 30.121486398155 26.5801620990967 12.3519728667958 13.7765948832056 21.7289564846599 25.18786961364 11.4035043959798 13.379214165435 15.0579558526128 18.0287028234949 23.7503905155457 15.9959404259767 14.959022238714 16 16 16 16 19.6997165883691 24.4057791905896 15.3580235651232 13.2664862751017 14.0650679006158 16 16 16 16 16 16 -9999 -9999 16 16 16 16 15.9407990425309 15.9473317645264 16 15.8919453977973 -9999 -9999 7.45897311322255 16 16.6674566145801 17.1927607938832 15.1031682689415 14.9005614941433 22.5315921091078 26.0539614031282 15.3651041907 15.9361563556318 -9999 -9999
11.8027977616949 30.0187134014193 -9999 -9999 35 35 -9999 -9999 32.1571793482938 16.9756526740212 15.531893588172 16.0560134223509 15.5167692168939 11.2827265473496 11 16.1182969221661 20.2200599225839 14.2980182928298 15.5787546455073 16 16 16 16 16 16 16 16 16 18.3425747424674 20.6113495047933 13.5499239581323 14.9800125013801 16 16 16 16 16 -9999 -9999 -9999 -9999 15.5946587694958 16 16 16 14.1971228676991 11.6877406870616 15.493597385003 16 16 16 16 16 16 16 16 16 18.5102807699632 18.2434246793683 11.2664751809614 15.0816968120146 -9999 -9999
11 11.0229343604413 11.5343951207197 -9999 12.5812624783888 13.10065875898 -9999 -9999 -9999 -9999 16.9219414846303 11 14.9976085939088 28.4008414567322 28.1894399993538 28.4393151094104 31.8747773408966 39.0267544065611 30.0967359829911 27.5150644839135 -9999 -9999 -9999 22.0245137550992 25.4062802441196 24.9826582972051 24.5584146395722 -9999 -9999 19.0992234934702 16.1644235253445 16 15.2412049677569 14.5338682278103 12.8071294002506 -9999 -9999 -9999 -9999 -9999 13.4672913740374 13.1049938520778 16 16 16 16 15.9874496024753 15.9904721837425 16 -9999 -9999 -9999 16 16 14.9106016258321 12.4283630828199 21.2945386090503 23.4202454967201 20.4307963377967 14.6038456785747 15.7486873181569 -9999 -9999
11 11 25.796870361552 34.5291390561168 30.0662191156955 13.0449593306575 12.8720468996752 -9999 -9999 26.3392868631436 -9999 -9999 12.4698413009452 17.4615971470206 17.9880481135554 18.5152843151356 20.7528568406111 25.2604440703746 21.2216498498018 29.1005041620433 -9999 -9999 -9999 19.4266825031822 23.2957466848384 23.8308355636655 24.3667097432008 -9999 -9999 19.3998991927026 16.0767602064133 16 14.2367635902725 12.0390067143198 -9999 -9999 -9999 16 16 16 16 16 16 16 16 16.0542508703982 16 16 16 -9999 -9999 11.6692058828718 15.0312772154535 16 14.5070169345111 11.4436075888723 17.120444963732 18.6534798493554 16.6248234122865 -9999 -9999 -9999 -9999
6.05975372391735 11 26.469870944478 25.7926745183606 12.6055951513793 11.1620236461592 11 11 16.3634575774242 34.6790882095466 -9999 -9999 -9999 -9999 -9999 -9999 -9999 24.8496256580934 13.1344060632913 17.0638838470309 24.1336935916919 26.8905548078978 12.799722443917 11 16.0020338207455 19.8252847940596 11.4155092010969 28.4015221720104 23.8215056945334 11.7885646162023 14.2698667534098 14.3823226132029 15.3064958129486 14.9091015802308 12.4393331886003 14.3768321671071 15.5702551489872 16 16 16 16 16 16 16 16 20.57936276068 23.627034682849 16.1278310470753 16 16 15.8480836924069 15.1898707574783 12.4603790752992 11.8977466269 11.6805216742494 -9999 -9999 -9999 11.9156262059379 -9999 -9999 -9999 16.2946160737055
-9999 -9999 11.7249255979414 11.9001994100085 11 11 11 11 12.056506989953 12.676185805304 -9999 -9999 -9999 -9999 -9999 -9999 -9999 -9999 -9999 25.0130284009348 18.9526418495244 11 11 11 16.8561860613414 23.64940837181 21.3153392604118 14.9382079511056 11.9286517549115 11 11 11 13.8426683424972 17.7085460338194 19.7981826419658 12.3180166417729 13.4754454511322 15.4445086341138 16 16 16 16 2.44235429884265 -9999 10.238709899334 16.0105732335933 16.1876782803743 16 16 16 14.6484704417604 11.9523983514217 14.6187549797335 12.6428513331572 12.418158031451 -9999 -9999 -9999 14.4826561356015 15.83103275391 21.9886219746255 14.360614099708 17.7235467786159
27.0542075505655 32.3168217004605 33.7445589619653 33.226781630434 27.7777817348086 11.2043056493825 11 11 11 11 11 11 11 11 11 25.945461231411 -9999 -9999 -9999 -9999 24.4657463883055 11 11 19.5298555216067 22.1720868797349 22.3325206748719 24.6965611283515 16.5029945954749 12.4197126390583 11.5449073299289 12.6562501322364 12.543799547702 14.5647918822576 20.5756464746212 27.0989549873805 14.0780667743841 11.9790925924183 13.5776133335795 16 16 16 16 -9999 -9999 -9999 16 16 16 16 13.4258680714476 11.4140237527296 11.497955896209 15.3142249812108 15.3917405315227 15.335787880007 18.2012971557041 28.8052262308624 20.3440992389053 21.7924791251673 26.0509844792395 16.7336081065318 12.5314139531485 15.8113558716885
11.3999515902009 11.9161465796308 12.4331266550536 23.7983073803716 28.87416463187 11.3891381335764 27.0199073416899 30.9701964754954 24.4514639299357 11 11 11 11 11 11 26.6315745476275 25.0496649734294 -9999 -9999 -9999 -9999 23.5950778057957 23.0623947798611 23.2426784559449 24.0053269073908 20.6928647008227 11 11 11 12.6864781530711 16 16 16 15.5488030785921 14.7353383508402 15.8478487346188 16 16 16 16 16 16 16 16 16 16 16 -9999 -9999 -9999 15.339260989322 15.3242562404973 15.9045259868907 16 14.3738769144177 13.1034747340754 17.2385228911595 14.1016273486428 23.1858959300462 33.0642827117131 26.2438566808558 16.8143385445585 -9999
11 11 11 12.1069488037711 12.8970266783386 11.1478120841482 13.9861076052701 15.2074407832227 20.6244996065926 -9999 -9999 -9999 21.4787365310212 11 11 16.7131104997917 -9999 -9999 2.92584021091622 -9999 -9999 -9999 34.4436951699244 16.1238464848794 11 11 11 11 11 12.8323851727564 15.7945992018984 14.6871675541372 15.5337229296329 21.1384031636155 25.6253233277727 15.6695610120261 15.7372970781357 16 16 16 16 16 16 16.0114560621282 16 16 16 -9999 -9999 -9999 16 18.5427562642508 30.2804040023912 17.9962133012734 11.6389947198146 11 11 11 14.9321729792466 19.3759062171099 19.7268799855847 14.5348361065641 -9999
11 11 11 11 17.5955773327709 31.6558864137475 31.1357904022956 18.8152664512928 19.7582863879969 4.99128631071575 -9999 -9999 -9999 24.4791016846461 11.8751819903641 21.9245512967915 -9999 -9999 24.2090348935852 -9999 -9999 -9999 33.7505445146531 15.4296748281515 17.1583229067261 17.6472312928293 11 11 16.371280650399 17.7869775045657 15.204857444589 11.3879934100258 17.8696483888818 24.4581304497991 25.7617925047419 11.4649186285435 14.0544507253279 15.6245619306069 16 16 16 16 16 16.829069308869 24.3889223106091 19.7796962782755 22.7003788450924 20.3781772524747 -9999 -9999 22.914062532779 28.5993077024807 16.3697821762438 12.4715347087901 12.8251220328444 13.7880016342019 6.0580913307766 -9999 -9999 11.9558134450927 14.1009598921489 13.9836090045563 13.4361800578197
