Rnew_bats/Bats_data_products/FireReturnAll.asc
NCOLS 434 
NROWS 250 
XLLCORNER -121.69454516 
YLLCORNER 39.36708274 
CELLSIZE 0.00381074763999997 
NODATA_value -9999 
[rows 84 to 111 of 250, columns 126 to 188 of 434]
11 11 11 11 11.117769768034 12.494033561171 14.6571283077919 16 15.8174642557021 14.6826578215918 13.1923445292677 18.0747075039344 23.5568861019665 13.0663444990922 14.8157255335122 19.6796119536925 20.6375731213347 11.1662429825069 14.1545890800164 15.2900217357951 15.5436622464133 15.9783902820561 15.6225706555725 15.6099856275506 14.1458090273087 11 11 11.0417667521126 12.9323123559793 18.0605542124504 27.854051859074 27.0858136722902 22.1388313267761 17.0954619036898 17.3087481369916 16.4169389461368 16 16 16 16 16 15.668587405705 14.9156076750683 15.7913549033024 15.2053146225804 14.5834871009306 14.4994932922127 14.4153360905721 13.2511620354209 12.7534684953234 13.3959610678428 15.8147078653691 16 16 16 16 16 13.4004054392812 -9999 -9999 -9999 -9999 -9999
11.0624812975546 12.6481181362461 13.0032240835463 12.3115495351152 11.8091747032779 19.1262444964441 17.7213056863916 16 15.5291589179256 12.8169545848077 14.7803587105081 27.7285724073262 38.628934510396 16.2656320472911 14.9311607738398 30.0157742700209 38.2358464745333 11 11 11.3586753754291 12.9003428862132 15.7304712909366 12.2391488492198 11.1456837514083 11.0953393680392 11.1698781607102 11.0136428903972 14.1827818734784 13.971211715419 11.1896971235125 11.7304053898093 11.9396172526195 13.9002729132536 16 16 16 21.7051502945909 23.947384294649 15.8442532470695 12.758191880856 14.2738498109824 16 16 16 16 16 16 16 14.8539102489612 14.2091809262288 14.4967412213602 15.9252311177646 16 16 16 16 16 14.6592588561768 13.4414902172496 13.5379809677326 15.5424325173218 16 16
17.2913037385624 16.2116748035768 16 16.2260285189917 17.2407847670619 23.3801176834005 18.1780158607041 15.0411308711721 16 16 16 13.7671474230493 11.2496421380616 12.0806797843162 11.2714112280542 11 11 11 11 13.7700246287926 16 15.9615471992911 15.666129884904 12.8377073154444 12.7686506155624 15.2143041852406 11.5684090875729 11.0048640679729 11.0508411585967 11 11 11 11.1982622909639 11.4960984924102 11.6024245661051 14.9972289461233 17.0279749489967 16.2759566091198 11.8540990872973 11.1756824933647 11.6293257148085 12.1569073367884 12.6650331030027 15.5456906642604 13.7012488007517 13.9063061606301 15.4289704980746 12.8926402401894 15.0023077316206 14.5503110259221 13.5935129053322 15.9517550908128 16 16 16 16 16 14.5941440785709 14.3844533965729 16 16 14.6734460983622 13.9412811850846
21.2918171285391 15.3359980458354 15.2204102326583 18.2618921691611 21.6601977931408 16.7522739586979 13.8040509863374 13.9703028243298 16 16 16 14.2395249240877 13.038132125877 15.9759835301095 12.9660274614826 11.9150706743681 11.835983832735 11.7567336372407 11.6773200869675 14.1277951283358 16 15.5362213683113 11.9840614465472 11.2778019827438 11.1974082850362 11.8582957209431 15.5648932258177 15.9552470218944 13.7003788374759 11 11 11 11 11 11.134219632944 14.9516071142097 13.6629997005717 11.5889001850471 11 11 11 11 11.172059224213 12.2224854273297 13.8411179228569 13.6454909675975 12.9473069229971 14.2262707598125 13.1900519095361 11.9718694891552 -9999 -9999 -9999 16 17.6065476194177 20.9337843158782 16.8965197584068 13.0654841406078 11.922635058033 13.7192951832823 13.8055704633395 13.3895763616258 13.0213887910252
19.826508158707 17.3512379777485 16.2584973819776 -9999 -9999 -9999 -9999 -9999 -9999 7.71750238796016 16.701889198476 16 16 16 16 16 16 16 16 17.6014397086223 17.4788023141153 16 16 16 16 15.117374406114 11.300908651044 14.5421541831234 15.923772631655 15.755590865113 15.6742189140373 12.1131133618104 11 11 11.2409573261655 15.0585571812569 13.1238414646989 12.3888982465073 14.6064938859313 11.5280349055815 11 11 11 11 14.417023683824 15.300127085792 14.6972834801314 15.9548694378684 14.6589236882374 14.0971118788016 -9999 -9999 -9999 16 17.4834483292912 20.4297468996199 16.7711231427714 14.4254035698331 13.3294756381255 12.9376353311525 11.2161197935908 14.3166881869196 16
21.9862738290008 22.1395398443248 18.2926258641689 -9999 -9999 -9999 -9999 -9999 -9999 8.68625030133836 17.9276524515991 16 16 16 16 16 16 16 16 29.2408023542564 29.5678170971274 16 16 16 16 15.0125563989289 11.1947575549018 11.0866346140862 11.2006038815609 11.2818105466532 11.3576273509336 11.0983477052958 11 11 11.3476864915971 15.1654987035785 15.4899542485066 15.4003107048116 15.3810556478049 11.5632374175165 11 11 11 11 14.5258764725968 16 16 16 16 16 16 -9999 -9999 -9999 -9999 -9999 -9999 -9999 14.613535195445 15.5566246929416 13.3436635611481 13.6734472534461 14.9281379010042
17.2146237488904 24.1048608582185 19.0013396971361 16 18.9301170888557 31.5162347102118 25.821224904126 19.7585334825123 16.6414399008758 18.5476876941171 18.3914853267675 -9999 -9999 17.8147939376915 16.3194497381316 -9999 -9999 16 16 16 16 16 16 16 16 14.9087568766964 11.0897355943037 11 11 11 11 11 11 -9999 -9999 -9999 16 14.4635676607928 11.9037640697387 11.1038662453392 11 11 11.7210737516638 14.3974625112419 15.5748823011935 16 16 16 16 16 16 -9999 -9999 -9999 -9999 -9999 -9999 -9999 14.4008664866615 16 16 13.8721873403718 14.3679505718532
18.1852567621926 29.7665594277295 26.7833231913978 24.1675111756723 22.214951207503 16.2482043176274 16 16 18.5749563276391 20.6429837592577 -9999 -9999 -9999 25.2430266050212 17.6066145915998 -9999 -9999 16 16 16 16 16 16 16 16 15.9921494877215 15.8864962765392 15.8056201618894 13.2189188143781 11 11 11 13.5729838364106 -9999 -9999 -9999 16 15.5919446072887 14.2537548860306 11.2657930159101 11 11 12.1070564740203 15.9253054522824 16 16 16 15.8749100435829 13.5342362106696 13.0149831352958 13.0996164970321 13.4498399858898 15.6120409152205 16 16 15.2555869129556 11.4373178621924 12.8234319638144 13.7825647855035 13.8686685102969 13.954935613623 18.335534909797 16.9671002956918
19.7889568014834 19.6357017011569 30.3640342904453 33.811771114514 28.7290640237649 16.2230301887899 21.1586834855273 -9999 -9999 -9999 -9999 -9999 28.699671496343 27.4500459961732 19.105834086931 -9999 -9999 18.3215451683721 16.2010163936311 16 16 16 16 16 16 16 16 16 15.827494817582 15.6059677316273 15.5246035014478 15.4430759240067 13.1046947240664 13.3033608194374 15.4393609959797 12.3075001471377 14.6325934536194 16 15.7867793356123 14.8432755455521 14.7019769473802 14.618815846373 14.8915012865302 16 16 16 15.0466729600382 12.7676354522634 11.3438883517285 12.7359983461234 13.8630147377096 14.0366865368173 15.7232562831266 16 16 15.5615017994713 13.5244287641376 13.2660209707358 13.1800826637414 14.040050208743 16.9813856480918 20.8268193211647 17.4212633820284
-9999 13.1908574362005 30.7700692353912 27.3205760881408 23.4377349159313 23.1338409637973 30.870168722217 -9999 -9999 29.2521996327252 29.0335319025546 35.4043153581713 40 18.0957214539714 -9999 -9999 -9999 33.7676980186392 17.4137774060711 17.0955520389725 17.2325531103358 16.693913839047 16.0055296035119 16 16 16 15.783205850239 12.1738044101364 11.3502463836698 12.9676062965056 16 16 12.862800571195 11.2964589993675 12.354204123201 14.8211567865196 15.6809671812417 16 16 16 16 16 16 16 16 16 15.4127483547174 14.079041030284 13.9947384103976 15.1869285000837 14.9413538028038 13.2591496143856 13.3441056808675 15.1410249413682 14.9322144058872 14.0639927382956 15.9006747698139 16 16 16.9510280029045 20.0159369227252 15.5134104700013 14.2026515269701
-9999 20.9402043734027 40 36.1907776613211 32.7420880099953 24.8172592890873 -9999 -9999 34.2305131333385 35.0468328490399 39.2255053591397 40 40 -9999 -9999 -9999 -9999 16.7993576946658 16.0366435855289 -9999 9.07599831607117 31.3390412229748 16.1900679288639 16.0071501497759 16 16 15.9850877076458 15.7455499375467 12.8744593227551 12.7868581621336 15.4609321233111 12.1344509682185 14.0312976180294 13.470412506617 11.8812043857663 15.7000781281251 16 16 16 16 16 16 16 16 16 16 16 16 16 16 14.0166333342318 11.4337810606618 13.4201259270187 15.2304553226442 14.8470790976474 13.9312205117881 15.9437874885237 16 16 19.4567443819997 28.0104915705121 27.2499575312861 26.4879858459696
35.0102120536738 35.2247538789612 38.8853922006259 27.5346502586865 16 -9999 -9999 -9999 16 17.920565366408 32.5928859449618 38.3472771512693 40 -9999 -9999 -9999 -9999 -9999 -9999 -9999 -9999 11.2628671143377 14.0399982376371 18.0351166380451 16 16 16 16 12.9266021231366 11.191624520327 11.5040113879352 11.0628163091029 14.3497148896882 15.6388110322031 15.2660186228605 15.9615140946249 16 16 16 16 16 16 16 16 16 14.0978944356399 14.0339256875923 -9999 -9999 -9999 15.0583247124038 14.0920627435836 15.8701868192788 16 16 16 16 16 16 27.4308326188674 55 55 49.7635288645776
30.8848542091394 30.6858113125035 31.934295194072 23.7064679415925 18.0919435352131 -9999 -9999 -9999 16 16.257069231065 17.7213960585868 32.2298459157538 40 40 40 -9999 -9999 -9999 -9999 -9999 25.8098194278681 -9999 -9999 -9999 16 14.3547548526705 11.300612552629 11.3814790488852 11.1684647938153 12.7808108015338 15.3749414842258 15.2934216661744 15.7565785276887 14.1206884168503 12.8382411669438 15.9316708874339 16 16 16 16 16 -9999 -9999 -9999 -9999 -9999 -9999 -9999 -9999 -9999 16 16 16 16 16 16 16 16 16 22.9055068297927 38.647017981525 39.4075158139062 30.72836977708
37.8060461261879 31.9095338527993 25.3152822769764 23.0884782925683 28.3058113234704 38.5483998921258 25.9653750864594 18.9511530900287 16 17.138961553117 23.37389736914 34.8245400315116 40 40 40 30.9331203256577 -9999 -9999 -9999 -9999 4.62488664676339 5.52546097140309 9.06378196998614 20.2301791835243 16.9467242251895 11.1633767497255 11.6015631594718 15.0906237347531 12.5442587237215 11.2445012967394 12.4633485812703 15.780978039845 16 13.6182961912119 11.2377278794699 12.0717039725331 12.1540385007496 -9999 -9999 12.4020220900811 12.485009957859 -9999 -9999 -9999 -9999 -9999 -9999 -9999 -9999 -9999 -9999 -9999 17.6349895399295 17.5459177449499 -9999 -9999 21.2691610838613 15.3424614725916 -9999 -9999 -9999 -9999 -9999
32.3831407612088 17.2376581529983 35.5720956241787 40 40 37.4245512246254 19.0900865472168 16 -9999 -9999 2.71926799748309 32.5823396875822 40 39.5951087334413 38.3981434850191 39.6430634320282 -9999 -9999 -9999 -9999 -9999 -9999 15.9615149043038 16.2107905477527 16.0286156414943 13.888603377272 11.0563318322878 11.4170801644093 14.1983531828228 15.3814456059633 14.5591822407499 11.885426948421 14.8982815215208 15.5297682706123 14.9730493277482 14.7915943141193 11.8018424650423 -9999 -9999 -9999 -9999 -9999 -9999 11.6854237546744 15.5051601224436 12.6751019720173 12.2765905692128 14.2986702312222 15.9053507364 16 -9999 -9999 -9999 -9999 -9999 -9999 28.2924565186456 20.1357072507566 -9999 -9999 -9999 -9999 -9999
27.90317350681 23.2482154875659 31.1430167506812 33.2713126287173 35.9523179362183 36.9421947200207 18.6067117053698 16 -9999 -9999 -9999 32.5980746757353 38.9685943184608 36.6505806165166 26.0367183776182 35.0256222146295 32.2683247569971 26.8609562271702 -9999 -9999 -9999 -9999 17.1298467858645 24.4894628973277 19.3898378723197 15.8647774749566 14.8026178906302 11.2928982629952 11.401775650923 13.6671399801879 14.8652153187428 11.0452864883601 11.6798336621299 11.9823675246496 12.06437147419 12.273463022615 14.2903281417244 -9999 -9999 -9999 -9999 -9999 12.0447358884488 11.2873811660158 12.7471958703526 11.6193063445118 11.9290991646368 13.7583531605343 15.9411205146594 16 19.1602127561826 -9999 -9999 -9999 17.7455906691885 21.1670612256965 21.475211476907 21.7839497690158 18.3235260729808 16 15.5227878543966 12.9582044786348 13.8237354838994
20.6826915050073 29.2872086057953 18.1606295376871 16 22.8342016291014 31.5087572306835 17.642418705971 16 20.3956864820576 28.8502654923946 39.5465739297854 31.2790681981188 33.8776157322571 36.3644765545152 25.8206748189606 19.7422317237674 29.9934690276133 40 38.9254087102943 28.4489328360986 -9999 -9999 -9999 -9999 -9999 14.0183160600264 11.3638825233806 11.0233565653283 11 13.420431842801 15.8077692198526 15.093405836624 11.9092037121859 11 11 11.3412913651454 15.1614398982767 -9999 -9999 12.5142549520308 12.597236876176 11.5840318072962 11 11 11 11 11 12.183174499356 16 16 16 16 15.7159753162485 11.8958005989014 12.3006842641581 13.1384346610446 12.8209781948731 11.2419847865912 12.9992373752677 14.2049263769287 14.2911749933194 14.3775869544149 12.0490572906798
16 16 16 20.0727096179919 21.9987551668044 20.6846523362582 16.3591931219842 16 19.3017070467136 27.1273572240075 39.8024705989646 40 39.0939451980067 35.4030153407662 27.8757127618162 37.5252988744637 40 40 40 40 39.1991533950698 22.1375658365457 3.38401272427049 -9999 -9999 13.7553937556401 11 11 11 11.3692275333785 12.9398496616014 15.8332973209562 12.0129426734445 11 11 11.1094679417029 12.1129764222401 12.3862017857844 -9999 -9999 -9999 -9999 11 11 11 11 12.4160850052846 13.6351926409221 13.3043708253799 13.3888206947848 14.8649155874039 16 15.7914710735487 13.7001601643118 14.8944249385198 16 15.3239725754189 11.5035793910883 11 11 11 11 12.0784202501243
-9999 -9999 -9999 27.7461186041377 34.1811809952396 31.0699437472196 16.912136755161 16 14.0330206214095 17.7366073055518 36.4180949900668 36.7936572460995 32.063542495493 31.2084670038574 39.9217418136406 39.1799528233948 39.6872777387558 40 37.0881621123389 33.3462818583064 40 30.3228305660723 16.8754404754084 16.613659866296 16.2142241917911 13.6506846693257 11 11 11 19.0178976134185 21.8487454344266 11.8803651701188 11.1836743670649 11 11 11 11 11 -9999 -9999 -9999 -9999 -9999 -9999 -9999 -9999 12.1220422333187 12.6245174364433 11.1183053564674 13.0812198031059 14.9272291336134 16 16 16 16 18.1104847080331 19.5458451324592 11.7778919584128 11 11 11 11 14.7109688463599
-9999 -9999 -9999 16 17.0423386697849 17.7389173904089 16.0572604144894 16 16 16.416042805644 17.4741190451313 18.6604428353173 30.5383361391834 40 38.9023029127607 28.8613315154897 34.1469773164942 39.2433240662076 -9999 -9999 -9999 33.7816383435443 23.6303174720841 16.3509530486474 12.6584814182235 11.2454317380443 11 11 11 12.587876874232 13.1984714026872 11 11 11 11 11 11 13.3380796480203 -9999 -9999 -9999 -9999 -9999 -9999 -9999 -9999 11 11 11.1580279252934 13.0462413713975 15.0064051774873 16 16 16 16 18.3709140411301 20.3829851035828 13.3862232932459 12.7690151132544 12.6829360187184 12.2192770264237 11.0026929500715 14.8235183889114
25.7662439271996 35.893216726915 17.5526705827865 16 19.5821790260012 22.0843220261306 16.0637488272404 17.3688334872191 16.3628815685045 18.3103410971563 26.5262962220469 35.0680092541257 37.5297748293537 7.68503057100382 -9999 32.4661496112103 25.3910764344639 16.3471462819429 19.8970040125879 30.7896907594242 32.3877609674009 33.6305734507817 25.8779892638376 25.2948101770817 17.9748091887238 13.1876655173263 11 11 11 11 11 11 11 11 11 11 11 12.0221415275111 11.8754419947533 11 11 11 11 -9999 -9999 -9999 11 11 11.228207062603 13.1304704541536 15.0090359728059 16 15.6741854520116 14.03618896397 15.3228657162785 13.8111706899295 12.0098573535788 15.8308869781498 14.7352471615392 14.3544489208775 13.5502489637909 11.0811381970775 13.8447157293467
23.3604707665198 30.2485278009538 16.8043834665061 16 16 16 13.7588811720754 -9999 -9999 16.0682777606318 25.2648690048407 17.2033635296114 15.8079953412063 -9999 -9999 -9999 39.4912864728661 29.7185877013484 20.2660248473047 38.7340431954743 40 39.685911611459 33.7203280554627 16.7693769377873 12.7444957744894 11.2602543979605 11 11 11 13.4289271781262 13.6090710133479 11 11 13.4525663831415 13.1864031134652 11.6353460088615 14.3313695702513 12.0268796275897 11 11.765445182101 14.2037376316693 11.7501280204475 11 -9999 -9999 -9999 12.5791207534753 12.720199587785 11.5512389943186 15.3724681569177 16 16 15.5329614120095 13.3193523636597 15.0984116130195 13.7001239739874 11.7027384468787 14.1827303438261 11.8174479476099 11 11 11.065270591949 12.0922760311937
16 16 16 16 16 16 -9999 -9999 -9999 18.3578965622901 23.6259257856059 13.4850859753731 14.2578818801278 16 19.3183271116613 36.9699675355482 23.6036273925007 16 -9999 -9999 -9999 28.7354292489471 17.2535893489171 15.9891402706874 15.5944056588858 12.9666155832436 11 11 11 11.5607086746745 11.6246132023186 11 11 11.8311051703264 11.7531881781443 11.2766950445822 12.4323128052857 11.4326581192735 11 11.4409214304467 12.7892255607703 11.4149841156219 11 11 11 11 12.4021340691653 12.521618795778 11.6607921911047 15.4822334396293 16 16 16 16 14.5645708582336 13.5208787897988 12.8285013439739 12.7239960866906 11.3726989929712 11 11 11.2446754030638 14.0695914798841
16 16 16 16 16 16.5460313113558 -9999 -9999 -9999 13.1439395375643 15.9386831079723 15.5799542308392 15.5978203887802 15.8066972099649 16 16 16.1209909067902 16.0083709021138 12.7388400736493 -9999 22.4913968578391 25.1603200232781 11.3907607744379 11.4709528480938 11.5513082044477 11.2688126229265 11 11 11 11 11 11 11 11 11 11 11 11 11 11 11 11 12.6897111870942 12.9299209252091 11 11 11 11 12.760228056099 21.2911266679548 16.3273080599507 13.7826270483571 13.8675546955539 13.9526456524913 13.241747785547 14.452048105664 16 15.8347269776116 12.0130594774563 11 11 11.1229986619158 12.0890795455602
16 16 16 16 16 -9999 -9999 -9999 -9999 16.4383434087034 16.3247288369132 12.0179541781914 11.3646901926021 13.2806142992657 16 16 23.091101362854 21.1635032429531 16 16.0084107373211 16.9964923399879 14.0820604706154 11 11 11 11 11 11 11 11 11 11 11 11 11 11 11 11 11 11.9451634933872 13.9140553711917 11.5274185768174 12.2166731160148 12.3864038300606 11.3281884370875 13.3714286606536 11.9179583978462 11 14.1675401503647 27.9262554806379 17.9110207929016 13.1799600978003 13.0950344918256 13.0099455799889 15.2687462174074 16 15.4897299863235 14.1476364253838 11.6161899965781 11.8737968442424 11.9184917732073 11.4149056960541 14.3011807141179
-9999 -9999 8.13619186614733 -9999 -9999 -9999 -9999 -9999 -9999 -9999 23.6746376375908 16.7836063671301 16 16 8.82737086393885 -9999 13.5647771533917 21.0112104498322 25.7068314619471 25.2616678196246 17.9305189954466 13.2061097033983 11 11 11 18.9391754002131 18.8250387195239 11 11 11 11 11 11 11 11 11 11 11 11 12.5907724863465 15.5871640706754 11.7650990884374 11 11 11.7011051239466 15.5231762932909 12.6547509830702 14.8709175277155 19.7745016745158 20.6260904979038 15.7428372127068 13.8574556367937 13.9423792000607 14.027466065267 14.1127162334069 14.19812970542 13.7927731801115 12.5039727825327 11.2439793189568 13.1477539142267 13.2822018245079 11.1739977040046 12.0791335682777
-9999 -9999 -9999 -9999 -9999 -9999 -9999 -9999 -9999 -9999 16 16 16 16 -9999 -9999 -9999 -9999 16.3681363041981 16.5005059861435 16.1269601079264 21.059662462101 19.8499224190316 11 11 15.1353363127547 14.9779959959377 11 11 11 11 11 11 11 11 11 11 11 12.8373995453715 13.6960586755312 12.7662179639514 11.2700064715084 11 12.1044975725393 14.0683098000713 15.8242140837383 12.5456569152629 16.303515125863 22.1251173997613 19.2495549483841 14.6207130313458 13.1051257479043 12.4593614550368 11 11 11 12.1140856944977 14.0664546126534 11.4736996387034 11.8936920592582 12.3349532656928 12.6434171719116 14.6298613024315
16 16 -9999 -9999 -9999 -9999 -9999 -9999 -9999 -9999 -9999 13.0061974175607 16.3631131507899 16.1790815415925 16 16 3.21462080466765 2.78980324281176 16 15.6649165503617 12.1392460724603 14.7386273764501 14.8629388534343 -9999 -9999 -9999 13.8862139500666 11 11 11 11 11 11 11 12.8781465163854 13.3720188871293 11 11 12.0998378339208 12.2303341681079 11.3759567185741 13.5886055132308 13.8246314329649 14.6880524439655 15.5118384359444 13.5595656260506 11.7212013911845 16.3706961929344 22.2602093604907 23.139226128855 17.6977483373974 16 14.5015583152339 11 11 11 11 11 11 13.3549059342357 15.2418537654748 15.0989316978339 11.2764096447077
