Rnew_bats/Bats_data_products/fire_edge.asc
NCOLS 434 
NROWS 250 
XLLCORNER -121.69454516 
YLLCORNER 39.36708274 
CELLSIZE 0.00381074763999997 
NODATA_value -9999 
[rows 50 to 74 of 250, columns 171 to 227 of 434]
0 324.357329423296 648.714638169813 973.071961260081 1297.4292814984 1621.78660118314 1946.1439188995 2270.50123615017 2594.85855379135 2919.21586929761 3243.57318402245 3567.93049637174 3892.28780651301 4216.64511569786 4541.00242289102 4865.35972831749 5189.7170313282 5514.07433147614 5838.4316292338 6162.78892501836 6487.14621781307 6811.50350683479 7135.86079337968 7460.21807613331 7784.57535635601 8108.93263179818 8433.28990433741 8757.64717302564 9082.00443757749 9085.01154085952 -9999 -9999 -9999 -9999 -9999 -9999 -9999 -9999 -9999 -9999 -9999 -9999 -9999 -9999 -9999 -9999 -9999 -9999 -9999 3943.14854088432 3737.77002837118 3550.17772619709 3383.33145683815 3240.43737027893 3124.7831468462 2949.79627601075 2629.23333837086
0 324.375500160527 648.751000530801 973.126505961751 1297.50200970135 1621.87751335171 1946.25301526609 2270.62851684769 2595.0040154221 2919.37951423793 3243.75501254355 3568.13050867112 3892.50600273898 4216.8814948936 4541.2569852995 4865.63247320505 5190.00795896917 5514.3834429157 5838.75892379605 6163.13440213428 6487.50987839161 6811.88535032923 7136.26081995087 7460.63628592139 7785.0117489036 8109.38720781697 8433.76266338605 8758.13811522774 9082.51356254637 9353.93500366161 -9999 -9999 -9999 -9999 -9999 -9999 -9999 -9999 -9999 -9999 -9999 -9999 -9999 -9999 -9999 -9999 -9999 -9999 -9999 4271.78134502407 4082.95625380495 3911.9422570772 3761.1696614029 3633.15933533271 3352.69818024488 3040.00647884797 2730.03828138384
0 324.3936838027 648.787367815183 973.181056888152 1297.57474078932 1621.96842599371 1946.36210783813 2270.75579041086 2595.14947063988 2919.54315155268 3243.93683087283 3568.33050722798 3892.72418325386 4217.1178565558 4541.51152846674 4865.90519816372 5190.29886595214 5514.69253129594 5839.08619382477 6163.47985402321 6487.8735109286 6812.26716512757 7136.6608165054 7461.05446379311 7785.44810828865 8109.84174888822 8434.23538629658 8758.6290195982 9083.02264853553 9407.41627339557 -9999 -9999 -9999 -9999 -9999 -9999 -9999 -9999 -9999 -9999 -9999 -9999 -9999 -9999 -9999 -9999 -9999 -9999 -9999 4616.02863570387 4441.85184730901 4285.17579852195 4095.1610904106 3788.19645456353 3484.386246338 3184.63338009836 2890.20053753455
324.41186642566 534.03341908461 775.179446939546 1061.64446950418 1365.19196417258 1676.56897983168 1992.10750194121 2310.10289110808 2629.66399989035 2950.28209647506 3271.64644368658 3593.55683836269 3915.87861771365 4238.51793013628 4561.40739625125 4884.49740509557 5207.75063154697 5531.13845912031 5854.63858330146 6178.23336198475 6501.90866401886 6825.65303219216 7149.45708296063 7473.31305932086 7797.21449016155 8121.15593593062 8445.13279162838 8769.14113234651 9093.17759077036 9417.23926472127 -9999 -9999 -9999 -9999 -9999 -9999 -9999 -9999 -9999 -9999 -9999 -9999 -9999 -9999 -9999 -9999 -9999 -9999 -9999 4972.64858105901 4811.38991791684 4545.47707183109 4246.27781712307 3951.05399728451 3660.76754112412 3376.69204940965 3100.5351669588
534.044472603937 775.209877305146 1061.69446804463 1291.12573907603 1550.38933323231 1830.5448916001 2123.33893272909 2424.19635278068 2730.45304015266 3040.47788220743 3353.22588034339 3668.00053828003 3984.32154708476 4301.84780275 4620.33082364746 4939.58554978863 5259.47145415985 5579.87998029658 5900.72599625744 6221.94182179221 6543.47299383386 6865.27520477213 7187.31204927183 7509.55334115964 7831.97384340122 8154.55229735332 8477.27067367658 8800.11357636531 9123.06778419547 9446.12188266202 -9999 -9999 -9999 -9999 -9999 -9999 -9999 -9999 -9999 -9999 -9999 -9999 -9999 -9999 -9999 -9999 -9999 -9999 -9999 5307.97222461707 5012.28828186359 4720.37595937019 4432.98040395357 4151.03987259547 3875.74502460223 3608.61713868477 3351.60954565787
775.240312302148 1061.74445997681 1291.16684782399 1550.45018694311 1817.57368592584 2061.75039717054 2325.62963171492 2603.22676228255 2890.592306022 3185.08337115963 3484.89399655706 3788.76156030946 4095.78320126221 4405.2995115079 4716.81941700871 5029.97066599437 5344.46650998345 5660.08281844819 5976.64208228095 6294.00202636829 6612.04735981312 6930.68372497476 7249.83319274877 7569.43086124775 7889.42226093915 8209.76135231656 8530.40896500587 8851.33156841066 9172.50029868785 9493.89017608451 -9999 -9999 -9999 -9999 -9999 -9999 -9999 -9999 -9999 -9999 -9999 -9999 -9999 -9999 -9999 -9999 -9999 -9999 -9999 5491.39287843579 5206.12038256656 4925.69239853045 4650.98529964874 4383.07488036191 4123.28619508912 3873.25382451977 3634.99158462413
1068.12206355995 1291.20795526314 1550.51104991709 1817.6256043239 2061.82190567171 2325.72092505598 2582.3336808924 2834.91803969791 3100.90035892202 3377.11644395487 3661.25082678549 3951.59580762334 4246.87778400982 4546.13485253531 4848.63103718951 5153.79602155077 5461.18243571842 5770.43528847816 6081.26984186838 6393.45540243386 6706.8033165238 7021.15795969431 7336.38992157197 7652.39078192373 7969.06907254249 8286.34712458128 8604.15858947633 8922.44646878033 9241.16153389098 9560.26106084028 -9999 -9999 -9999 -9999 -9999 -9999 -9999 -9999 -9999 -9999 -9999 -9999 -9999 -9999 -9999 -9999 -9999 -9999 -9999 -9999 -9999 -9999 -9999 -9999 4397.89582090773 4164.37051266853 3943.72288194823
1061.89441314577 1365.53750491351 1677.00861281825 1992.64029856891 2310.72825713024 2582.41589402394 2835.01997096607 3101.02207467906 3351.94737934169 3609.01425808304 3876.20150109323 4151.55557786593 4433.55509944304 4721.00936277801 5012.98009638386 5308.72215688434 5607.63888790378 5909.24853881275 6213.15894992008 6519.04835156934 6826.65072446846 7135.74454642653 7446.14408651286 7757.69261393668 8070.25706050714 8383.72379821715 8697.99527546752 9012.98731116631 9328.62691293125 9644.85050315436 -9999 -9999 -9999 -9999 -9999 -9999 -9999 -9999 -9999 -9999 -9999 -9999 -9999 -9999 -9999 -9999 -9999 -9999 -9999 -9999 -9999 -9999 -9999 -9999 4694.82643915799 4476.80437128682 4272.3115007771
973.508233303049 1298.01097562446 1622.51372249734 1947.01646299722 2271.51920449195 2596.02194729095 2920.52468547363 3245.02742670609 3569.53016329034 3873.62380910768 4123.71526670925 4383.56328276004 4651.53305495656 4926.29939684916 5206.78643529468 5492.11775864511 5781.57618607011 6074.57176851197 6370.61648304865 6669.30429630157 6970.29543481532 7273.30394692844 7578.08784306183 7884.44123692923 8192.1880511141 8501.17695807538 8811.27728851061 9122.37569979311 9434.37345615891 9747.18419453058 -9999 -9999 -9999 -9999 -9999 -9999 -9999 -9999 -9999 -9999 -9999 -9999 -9999 -9999 -9999 -9999 -9999 -9999 -9999 -9999 -9999 -9999 -9999 -9999 5010.11097444963 4806.40011298492 4616.51925084345
973.562744283993 1298.08366079865 1622.6045772256 1947.12549423878 2271.64640827068 2596.16731764255 2920.68823079329 3245.20914173642 3569.73004926916 3894.25095729875 4218.77186217148 4543.29276531391 4867.81366597258 5158.37485173138 5426.89501774053 5701.23609349835 5980.59708478478 6264.30642794337 6551.79926231023 6842.59871330912 7136.30056334744 7432.56075066732 7731.0851689957 8031.62134676405 8333.95164373498 8637.88767598427 8943.26573347616 9249.94299435329 9557.79439813096 9866.71004144377 -9999 -9999 -9999 -9999 -9999 -9999 -9999 -9999 -9999 -9999 -9999 -9999 -9999 -9999 -9999 -9999 -9999 -9999 -9999 -9999 -9999 -9999 -9999 -9999 5340.49976158704 5149.86366462631 4973.10401081759
973.617261490656 1298.15634190311 1622.6954324335 1947.23451473653 2271.77359697457 2596.3126798547 2920.85176077054 3245.39084380891 3569.92992152577 3894.46899830616 4219.00807296849 4543.54714671685 4868.08621863473 5192.62528634771 5517.16435300118 5841.70341799569 6166.24247797239 6476.30734832432 6754.79842511586 7037.22981481564 7323.14563351855 7612.15326081146 7903.91354638428 8198.13260512873 8494.55495237494 8792.95776325491 9093.14606502765 9394.94870898234 9698.2149826194 10002.8117632459 -9999 -9999 -9999 -9999 -9999 -9999 -9999 -9999 -9999 -9999 -9999 -9999 -9999 -9999 -9999 -9999 -9999 -9999 -9999 -9999 -9999 -9999 -9999 -9999 5683.35926029168 5504.59976195158 5339.58669342861
1062.0443408898 1365.74477085994 1677.27231467934 1992.95987735513 2311.10336346883 2630.8119383069 2951.57706661621 3273.08813195083 3595.14501361418 3917.61310303374 4240.39858801003 4563.43411676719 4886.67010253988 5210.06923418056 5533.6029084334 5857.24882805303 6180.98936255769 6504.81038318182 6828.700439954 7152.65015337452 7476.65176918558 7800.69881915037 8095.30294110964 8382.82314347913 8672.95143339842 8965.43461303817 9260.04954576337 9556.5990766507 9854.90856185812 10154.8228986532 -9999 -9999 -9999 -9999 -9999 -9999 -9999 -9999 -9999 -9999 -9999 -9999 -9999 -9999 -9999 -9999 -9999 -9999 -9999 -9999 -9999 -9999 -9999 -9999 6036.56494133747 5868.56459117893 5714.06314917995
1291.45454794004 1550.87611644583 1831.18907501651 2124.13863542614 2425.14974253407 2731.55860739155 3041.73443683713 3354.6324903326 3669.55647492893 3986.02622750157 4303.70076229913 4622.33168505864 4941.73400240349 5261.76723769368 5582.32288242564 5903.31583293143 6224.67843693459 6546.35625484724 6868.30499769492 7190.48827244994 7512.87590624992 7835.44267383666 8158.16732598512 8481.03183818742 8804.02082321242 9127.12106640363 9443.0735833932 9734.06489909524 10027.112271783 10322.0405856462 -9999 -9999 -9999 -9999 -9999 -9999 -9999 -9999 -9999 -9999 -9999 -9999 -9999 -9999 -9999 -9999 -9999 -9999 -9999 -9999 -9999 -9999 -9999 -9999 6398.40364076439 6240.14352632764 6095.06015828542
1602.39839100536 1817.98893197129 2062.32236071504 2326.35979270708 2604.11460301968 2891.63663962594 3186.2828877943 3486.24747193903 3790.26790838894 4097.4414934279 4407.10895575709 4718.77934340352 5032.08050629652 5346.72577471919 5662.49109260335 5979.19900873162 6296.70729478581 6614.90070041981 6933.68490271761 7252.98200126033 7572.72711850726 7892.86580626601 8213.35204111616 8534.14666920442 8855.21617319767 9176.531700287 9498.06828130485 9819.80420224603 10141.7204901171 10463.8004980284 -9999 -9999 -9999 -9999 -9999 -9999 -9999 -9999 -9999 -9999 -9999 9537.47181529519 -9999 -9999 -9999 -9999 -9999 -9999 -9999 -9999 -9999 -9999 -9999 -9999 6767.49075070431 6618.0541812608 6481.4279328259
1956.37813860266 2136.55326394409 2347.9784195293 2582.99126721423 2835.73332673023 3101.87387262254 3378.24776126929 3662.5391123583 3953.04008933328 4248.47708233782 4547.88824287162 4850.53768031251 5155.85516495182 5463.39340895223 5772.79749823167 6083.78276376788 6396.11857566127 6709.61632890827 7024.12044678858 7339.50155913612 7655.65128186938 7972.47817596376 8289.90459915814 8607.86422718961 8926.30007986302 9245.16294857115 9564.41012505636 9884.00436964315 10203.9130700987 10524.1075501856 10844.5624946027 11165.2554781491 11486.1665611701 11807.2779597097 11620.5256280838 -9999 -9999 -9999 -9999 -9999 -9999 -9999 9562.81206611152 9323.09765006569 9088.64640689459 -9999 8637.23836637364 -9999 -9999 -9999 -9999 -9999 -9999 -9999 7142.70271035501 7001.27132069886 6872.260677691
2333.89359399377 2486.8745452479 2670.71916875244 2879.52200064973 3108.25726258139 3352.84799183932 3610.07289321029 3877.41835641898 4152.93030193243 4435.08706387243 4722.69780899634 5014.8242334543 5310.72120935759 5609.79211397839 5911.55525497573 6215.61852353073 6521.66020763772 6829.41433990804 7138.65944637625 7449.2098432467 7760.90883697501 8073.62339863711 8387.23993044409 8701.6609100017 9016.80218383345 9332.5907808191 9648.96314664233 9965.86368414205 10283.2435613015 10601.059726855 10919.2740833715 11237.8528058126 11556.7657598652 11875.986019628 11867.1620132083 11602.4744658201 11340.8938559246 -9999 -9999 -9999 -9999 -9999 -9999 -9999 -9999 -9999 -9999 -9999 -9999 -9999 -9999 -9999 -9999 -9999 7523.12315332114 7388.96935458753 7266.83800846282
2597.18460923861 2857.29578908632 3018.67324330373 3204.89610929688 3411.89858816342 3636.13350262272 3874.61013450784 4124.859090582 4384.86525496425 4652.9932348116 4927.91748698461 5208.56193405257 5494.05005779603 5783.66463243089 6076.81570199201 6373.01525944165 6671.85730162757 6973.00208795011 7276.16370661621 7581.10020809884 7887.60574150552 8195.50426662548 8504.64449066111 8814.89577439825 9126.14480298098 9438.29286806397 9751.25363158462 10064.9512841824 10379.3190104973 10694.2977185127 11009.8349690435 11325.884079466 11642.4033636583 11959.3554897467 12115.0046524385 11855.8369383598 11599.9566089944 11347.5860514855 11098.9646871256 10854.3501470941 10614.0194646569 10378.270248644 -9999 -9999 -9999 -9999 -9999 -9999 -9999 -9999 -9999 8354.75323274763 8195.70004444163 8046.59487194695 7908.0004437396 7780.47846707374 7664.58162728847
2597.32988669485 2921.996118524 3246.66235116398 3551.19420220531 3739.08408404858 3944.77541576969 4165.6320223583 4399.37051856672 4644.04624620498 4898.02040268635 5159.92014876215 5428.59850744712 5703.09751914403 5982.61603354915 6266.48239616845 6554.13170165729 6845.08705648603 7138.94424737751 7435.35922629983 7734.03790822337 8034.72784822293 8337.21143463783 8641.30031106654 8946.83079581425 9253.66009540821 9561.66317444989 9870.73015469055 10180.7641429364 10491.6794119791 10803.399873011 11115.8577865368 11428.9926681385 11742.7503610065 12057.0822428511 12371.9445484738 12118.7554682263 11868.530745115 11621.9797714017 11379.3413436482 11140.871100436 10906.8424492567 10677.5474436332 -9999 -9999 -9999 -9999 -9999 -9999 -9999 -9999 -9999 8723.60626475735 8571.39175217627 8428.92702868485 8296.71435539602 8175.25114500911 8065.02309064653
2631.81579735792 2952.70950114018 3274.3488686376 3596.53384866894 3919.12988264983 4242.04319263377 4477.9778517066 4696.20788152985 4926.17466389691 5166.3111311783 5415.26454992161 5671.87403901163 5935.14663675378 6204.23416931419 6478.41208572175 6757.06076508098 7039.64933281139 7325.72185960251 7614.88570495712 7906.80171066983 8201.17599926582 8497.75309790524 8796.31019772614 9096.65234739112 9398.6084189543 9702.0277213331 10006.7771537231 10312.7387984314 10619.8078801148 10927.8910452391 11236.9048828349 11546.7746726063 11857.4333098312 12168.8203768445 12480.8813527605 12390.6217567126 12145.9853279027 11905.1680906297 11668.4065141998 11435.9524978316 11208.0740596425 10985.0559572862 10767.2002077023 10554.8264749516 10348.2722810059 10147.8929910625 9954.06152515809 9767.16771747818 9587.61729142638 9415.83034766988 9252.23933308894 9097.28640534765 8951.42016427383 8815.09170226138 8688.74997927295 8572.83654661369 8467.77966493881
2732.52544506243 3042.83330630205 3355.86258031346 3670.91714289856 3987.51696822887 4305.32116919183 4624.08142604118 4943.61280670575 5227.53643000148 5454.43366356473 5690.8095534422 5935.53177767413 6187.61011297769 6446.18163137424 6710.49578434425 6979.90021333214 7253.82779086111 7531.78501563799 7813.34183980709 8098.1228161965 8385.79947620342 8676.08378397602 8968.72254110188 9263.49261599321 9560.19686535288 9858.6606580626 10158.7289088298 10460.2635387698 10763.1413045236 11067.2519328642 11372.4965198772 11678.7861529475 11986.0407152026 12294.18786151 12603.1621203706 12670.8598662859 12431.7257838426 12196.538426707 11965.5305192225 11738.9488055527 11517.0545260984 11300.1238165002 11088.4480001561 10882.3337247416 10682.1029300427 10488.0925899385 10300.6541948316 10120.1529137199 9946.96640440515 9781.48321117211 9624.10071055577 9475.2225658236 9335.25566741826 9204.60654295912 9083.67724930193 8972.86078487815 8872.53608003155
2892.54995906417 3187.33191015297 3487.43112203766 3791.58524199387 4098.89169681239 4408.69133687657 4720.49331522619 5033.92556929901 5348.70150486542 5664.59712762985 5981.43503388639 6216.97907746136 6458.09423789282 6706.25846709085 6960.71786216955 7220.80693304727 7485.9389157808 7755.59663837467 8029.32413332279 8306.71908248591 8587.42608952003 8871.13075126542 9157.55446608614 9446.44990507594 9737.59707685778 10030.7999109276 10325.8832969646 10622.6905187493 10921.0810274345 11220.9285142604 11522.1192309497 11824.550535124 12128.129619226 12432.772404579 12738.4025745339 12958.9266833319 12725.1939541496 12495.518425883 12270.127933184 12049.2629426315 11833.1768623118 11622.136251849 11416.4209237147 11216.3238895435 11022.1511395957 10834.2212061178 10652.8644884186 10478.4222933445 10311.2455591307 10151.6932329445 10000.1302643315 9856.92520034397 9722.44736736847 9597.06364166155 9481.13482518811 9375.01167559103 9279.03063833758
3102.7253013454 3379.2371841566 3663.66579707937 3954.30318380815 4249.87573157736 4549.42164050176 4852.20509200921 5157.65593062635 5465.32694295337 5774.86328230078 6085.98034061813 6398.44753883399 6712.07632121665 6982.43916071127 7227.19458992887 7478.03500439376 7734.36838237069 7995.66644342826 8261.45812369715 8531.32343915184 8804.88783288574 9081.81703799897 9361.81245684065 9644.60704534835 9929.96165329252 10217.661796833 10507.5148119287 10799.3473519334 11093.0031857851 11388.3412698193 11685.2340499826 11983.5659736783 12283.2321803727 12584.1373494919 12886.1946884494 13189.3250364039 13025.8675415267 12801.5749322987 12581.6559823001 12366.3440337126 12155.8838946823 11950.5319029832 11750.5558716652 11556.2348908936 11367.8589651572 11185.7284553372 11010.1533037271 10841.4520018607 10679.9502955002 10525.979582903 10379.875005622 10241.9732074659 10112.609767246 9992.11631787958 9880.8173664236 9779.02685529366 9687.04453105948
3353.63569251391 3610.99878347703 3878.48260722185 4154.13260681601 4436.4268666816 4724.17445010742 5016.43701940385 5312.46945916734 5611.67518399766 5913.57254343304 6217.76947905937 6523.94432794488 6831.83116797124 7141.20856787321 7451.89088225055 7749.95943521122 7997.59564082692 8250.57534203364 8508.42191849561 8770.70614272451 9037.0416378877 9307.08061085739 9580.50990417552 9857.04738500765 10136.4386676321 10418.4541630956 10702.8864324882 10989.547824358 11278.2683653047 11568.8938876733 11861.2843637676 12155.3124287801 12450.8620671703 12747.8274487931 13046.1118947379 13345.626958895 13333.2590944147 13114.2125037735 12899.6125475249 12689.6848235002 12484.6650241383 12284.7988742325 12090.3419640373 11901.559437433 11718.725531936 11542.122940107 11372.0419746982 11208.7795156334 11052.6377223881 10903.9224996442 10762.9416973368 10630.0030553452 10505.4118815026 10389.4684908142 10282.4654200824 10184.6844621257 10096.3935620148
3611.13102037802 3875.47281414407 4125.85950338708 4386.00396614998 4654.27029587786 4929.33263504963 5210.11473083908 5495.73996946676 5785.49108938521 6078.77812623801 6375.11308706786 6674.08999343814 6975.3691386882 7278.66464262205 7583.73458977135 7890.3731635243 8198.4043539358 8507.67689770723 8768.96263567807 9023.69113996421 9282.78526568811 9545.88954368834 9812.68141022141 10082.8681494311 10356.1840534073 10632.3878095932 10911.2601134494 11192.6015002713 11476.2303800975 11761.981272327 12049.703210304 12339.2583145938 12630.5205089231 12923.3743722109 13217.7141084039 13513.442624723 13646.9146615129 13432.9716481126 13223.5339211343 13018.8189162997 12819.0528962657 12624.4707973703 12435.3159683128 12251.8397872159 12074.3011269123 11902.9656731353 11738.1050672875 11579.9958523191 11428.9182310267 11285.1546100669 11148.9879288689 11020.6997851574 10900.5683490965 10788.8660927605 10685.8573568465 10591.7957871045 10505.4927060939
3875.59602709587 4126.00238500147 4386.16659974534 4645.12141117054 4899.23357930681 5161.27166961588 5430.08836596595 5704.72548679722 5984.38174969788 6268.38542000653 6556.17155156638 6847.26323834111 7141.25626836804 7437.80660505512 7736.6201843849 8037.44458244151 8340.06221329681 8644.28474505614 8949.94852080495 9256.9107715199 9541.06869875676 9797.25337854653 10057.3938857626 10321.1911109399 10588.3717485182 10858.6860508766 11131.9057377696 11407.8220573245 11686.2440041439 11966.9966934334 12249.9198724493 12534.8665719818 12821.7018815648 13110.3018402369 13400.5524355105 13692.3486968746 13966.4122200779 13757.426861011 13552.9924260867 13353.3179360501 13158.6200811196 12969.1229980423 12785.0579422124 12606.6628503861 12434.1817679874 12267.8641433929 12107.9639673612 11954.738752053 11808.4483415064 11669.3535492136 11537.7146223594 11413.7895362362 11297.832131817 11190.0901086622 11090.8028933382 11000.1994275476 10770.5077218396
