Rnew_bats/Bats_data_products/fire_edge.asc
NCOLS 434 
NROWS 250 
XLLCORNER -121.69454516 
YLLCORNER 39.36708274 
CELLSIZE 0.00381074763999997 
NODATA_value -9999 
[rows 100 to 124 of 250, columns 342 to 398 of 434]
4650.18432355153 4404.72571795711 4170.21339699368 3948.59818249945 3742.17211722479 3553.58318246404 3385.81326028106 3242.0959498937 3125.75072643006 3039.92200078414 2882.4677802575 2672.92500338038 2488.39080302223 2334.8024971186 2138.3179683447 1957.46235182313 1817.29342172954 1727.74225187271 1696.84194660144 1696.84194660144 1727.74225187271 1817.29342172954 1957.46235182313 2138.3179683447 2350.48718319799 2586.27485897113 2839.80398620715 3106.73415401964 3383.895523249 3668.9701678031 3960.24956901402 4256.4600984761 4556.64019445146 4860.05437253258 5166.13283929396 5474.42872547902 5784.58750178401 6096.3248436759 6409.41042244846 6723.65589975132 7038.90592832906 7355.03133755348 7635.78876273241 7635.78876273241 7642.72027209954 7663.47718240507 7697.94765837034 7745.94862022756 7807.23050426512 7823.59774321291 7639.01473000374 7464.03562972376 7299.35114585223 7145.67308676848 7003.72600931512 6874.23665624315 6757.9211790932
4391.52800581052 4130.71287970595 3879.65823995089 3640.38400878291 3415.36702253279 3207.60916795678 3020.67372536159 2858.6485350243 2725.97902707174 2627.11635882607 2565.97108184172 2350.54983858448 2138.36204643827 1957.48943705785 1817.3063873157 1603.75500735908 1429.29954272999 1313.55145477815 1272.63145853092 1272.63145853092 1313.55145477815 1429.29954272999 1603.75500735908 1820.11434779161 2065.24950817036 2330.0961319062 2608.65743609811 2896.97987780986 3192.41983104704 3493.1718396331 3797.97416779826 4105.9248907624 4416.36545085385 4728.80550665669 5042.87342582465 5358.28296972881 5674.81043768689 5992.27867750852 6310.54570627491 6629.49648027545 6949.03685020888 7211.578276173 7211.578276173 7211.578276173 7218.91752672261 7240.89064360113 7277.36507316577 7328.12428501294 7392.8740486979 7471.25062493272 7562.83036458599 7667.14016966999 7672.01605195012 7525.94335267572 7391.29526029469 7268.70670192715 7158.79723434302
4130.85548083286 3879.7812221987 3615.62240732352 3357.56949227416 3112.15691899544 2882.61491830103 2673.03519359866 2488.46655681201 2334.84791267631 2218.61759233733 2145.85963572312 2065.32081679527 1820.16613168627 1603.78806893238 1429.31603104346 1293.17843708027 1069.18103002412 908.653201293601 848.420978078396 848.420978078396 908.653201293601 1069.18103002412 1293.17843708027 1553.4277669385 1834.56538143408 2128.32972247952 2430.14600766261 2737.35214838625 3048.31903003418 3362.00326738711 3677.70960838838 3994.95868511582 4313.41010844918 4632.81594239587 4952.99154769321 5273.79672615778 5595.12318447861 5916.88599556499 6239.01764964412 6561.46382049912 6787.36778920803 6787.36778920803 6787.36778920803 6787.36778920803 6795.1656651708 6818.50578644888 6857.22944970746 6911.07807131112 6979.70159220767 7062.6693498217 7159.4826766132 7269.5884241975 7392.39266676123 7527.27391758953 7673.59535849708 7666.35335034269 7562.21965423035
3883.94854171441 3615.75437020257 3357.68177332913 3107.09818566957 2840.10889629574 2586.52083532849 2350.67513666198 2138.45019567572 1957.54360640302 1817.33231821052 1727.75248335374 1696.84194926312 1553.48843475898 1293.21943168345 1069.203063336 908.659677827235 776.729055674109 534.596029235213 424.210491466315 424.210491466315 534.596029235213 776.729055674109 1064.18977455113 1368.71051243249 1681.04544840643 1997.53244479253 2316.47030328725 2636.96989104148 2958.52369701059 3280.82176569643 3603.66440875228 3926.91731520341 4250.4868831908 4574.30591455763 4898.32493380676 5222.50671667206 5546.82272603771 5871.2507172111 6195.77309922498 6363.15730253134 6363.15730253134 6363.15730253134 6363.15730253134 6363.15730253134 6371.47484213576 6396.36256538134 6437.62829815807 6494.95987220226 6567.93658591677 6656.04385915398 6758.68998546488 6875.22380683965 7004.95225284133 7147.15687078912 7301.10869625652 7466.0810757027 7641.36026263107
3669.61232042163 3384.45948764367 3107.21951183867 2840.2105204172 2586.60281933935 2330.36914679349 2065.46341791282 1820.26968761247 1603.85417877038 1429.34900078019 1313.56490899595 1272.63146207983 1272.63146207983 1064.23959409813 776.759390445241 534.607045777485 424.210491466315 325.337152483951 0 0 325.337152483951 650.674298238325 976.011453670862 1301.34860164019 1626.68574999325 1952.02289917303 2277.3600455239 2602.69719079448 2928.03433759273 3253.37148062691 3578.70862417869 3904.04576423187 4229.3829034105 4554.72004067458 4880.05717531784 5205.39430773115 5530.73143826322 5856.06856646103 5938.94681564807 5938.94681564807 5938.94681564807 5938.94681564807 5938.94681564807 5938.94681564807 5947.85810040361 5974.51220394338 6018.67340662244 6079.96023567569 6157.86137887758 6251.75578875442 6360.93527027971 6484.62782096627 6622.0202232888 6772.27872092301 6934.56701534802 7108.06117551268 7291.96139887459
3493.84629684506 3193.01760921353 2897.5003653644 2609.09998295251 2330.46014206437 2065.53471040659 1820.32146460695 1553.60976619985 1293.30141699151 1069.24714126957 908.672640696799 848.420972755028 848.420972755028 776.789718217497 534.618045196731 325.355254617518 0 0 0 0 325.355254617518 650.71050944669 976.065769326376 1301.42102058661 1626.77627732067 1952.13153048578 2277.48678425979 2602.84203563183 2928.19728610806 3253.5525352887 3578.90778425824 3904.26302918305 4229.61827388109 4554.97351717377 4880.32875732778 5205.68399569889 5514.73632887443 5514.73632887443 5514.73632887443 5514.73632887443 5514.73632887443 5514.73632887443 5514.73632887443 5514.73632887443 5524.33248164885 5553.02144327649 5600.50980838942 5666.32493361257 5749.83752628652 5850.2897435559 5966.8261045441 6098.52462626982 6244.42604678321 6403.55962399571 6574.96465521793 6757.70743273644 6950.89378667489
3207.93969227256 3020.91746311886 2737.90297545103 2430.62104728775 2128.72822413886 1834.88643506422 1553.67042691361 1293.34240769664 1064.33920922253 776.820044805728 534.629078181011 424.210480819579 424.210480819579 424.210480819579 325.373355743974 0 0 0 0 0 325.373355743974 650.746711699638 976.120077332577 1301.49343550342 1626.86679405833 1952.24015344033 2277.61350999432 2602.98686546878 2928.36022092919 3253.73357432333 3579.10692694603 3904.48027626084 4229.85362591569 4555.2269716363 4880.60031682238 5090.52584190118 5090.52584190118 5090.52584190118 5090.52584190118 5090.52584190118 5090.52584190118 5090.52584190118 5090.52584190118 5090.52584190118 5100.92068497426 5131.97888612618 5183.32901875465 5254.37618607285 5344.33489434607 5452.26914087895 5577.13538151431 5717.82443880695 5873.19934264886 6042.12724831641 6223.50462281751 6416.275776526 6619.44535756607
2882.9826992242 2673.31062731059 2488.65591123508 2316.96864564467 1997.95703247537 1681.39581342371 1368.98591490632 1064.38902177513 776.850381837685 534.640102489951 325.391483623633 0 0 0 0 0 0 0 0 0 325.391483623633 650.782925818772 976.174386944124 1301.56585333134 1626.95731131207 1952.34877035142 2277.74023066112 2603.13168898287 2928.52314668507 3253.91460189743 3579.30605603041 3904.69751009489 4230.08896058507 4555.48040902302 4666.31535544512 4666.31535544512 4666.31535544512 4666.31535544512 4666.31535544512 4666.31535544512 4666.31535544512 4666.31535544512 4666.31535544512 4666.31535544512 4677.6536181575 4711.50469656649 4767.38905389271 4844.54425401041 4941.97414211844 5058.50734431606 5192.85792550977 5343.68216326643 5509.62734121688 5689.37048823265 5881.64674203452 6085.26819236292 6299.13472426025
2586.93070845024 2350.98833342914 2138.67053597953 1957.67900244495 1817.39714134376 1603.98638182474 1301.63825672075 976.228693534315 650.81912404351 325.409582734827 0 0 0 0 0 0 0 325.409582734827 0 0 325.409582734827 650.81912404351 976.228693534315 1301.63825672075 1627.04781797836 1952.45737890684 2277.86694031278 2603.27649923551 2928.68605720865 3254.09561523705 3579.50516899016 3904.91472259118 4230.32427468922 4254.57447787453 4242.10486856805 4242.10486856805 4242.10486856805 4242.10486856805 4242.10486856805 4242.10486856805 4242.10486856805 4242.10486856805 4242.10486856805 4242.10486856805 4254.57447787453 4291.76592961243 4353.04561625063 4437.4156912432 4543.59003825292 4670.08173140855 4815.28990362303 4977.57680643497 5155.32980576912 5347.00668228519 5551.16528673829 5766.48004642387 5991.74838683429
2330.82405662008 2065.81984703312 1820.52853553149 1604.01943018187 1429.43141231621 1293.4653650344 1069.3352747916 908.698575821664 650.855334133563 325.427680839413 0 0 0 0 0 0 325.427680839413 0 0 0 325.427680839413 650.855334133563 976.282997103656 1301.71065608296 1627.13831405897 1952.56597679489 2277.99363498583 2603.4212944941 2928.84895250247 3254.27661018102 3579.70426582797 3905.13192069251 3873.00169718566 3831.74551172692 3817.8943813063 3817.8943813063 3817.8943813063 3817.8943813063 3817.8943813063 3817.8943813063 3817.8943813063 3817.8943813063 3817.8943813063 3817.8943813063 3831.74551172692 3873.00169718566 3940.8023238881 4033.80912656969 4150.32788058233 4288.44252282491 4446.14094899548 4621.41879948259 4812.35559911252 5017.16388204747 5234.21557823058 5462.05129134488 5699.37787871394
2129.12661515033 1835.20740053574 1553.91303155575 1293.50634006917 1069.35730070186 908.705052031904 776.941350947433 534.673140264378 424.210491466315 325.445750182045 0 0 325.445750182045 424.210480819579 424.210480819579 424.210480819579 325.445750182045 0 0 0 325.445750182045 650.891514453678 976.337279148972 1301.78304447976 1627.22880510676 1952.67456401736 2278.12032261292 2603.56607823058 2929.01183565302 3254.45759228349 3579.90334654652 3531.39474450154 3455.56631859927 3409.25980662123 3393.6838939489 3393.6838939489 3393.6838939489 3393.6838939489 3393.6838939489 3393.6838939489 3393.6838939489 3393.6838939489 3393.6838939489 3393.6838939489 3409.25980662123 3455.56631859927 3531.39474450154 3634.89796268841 3763.79352066402 3915.57457060731 4087.6926102192 4277.69349459609 4483.30419202936 4702.47758250985 4933.40637167737 5174.51693652282 5424.45174160984
1820.63205347952 1604.08551640671 1369.26123560016 1064.588210496 776.971671617169 534.684155217867 424.210491466315 325.463846275464 0 0 0 0 325.463846275464 650.92770663978 848.420972755028 650.92770663978 325.463846275464 0 0 0 325.463846275464 650.92770663978 976.391576679151 1301.85542885147 1627.31929112258 1952.78314520169 2278.24699923038 2603.71085391611 2929.17470666233 3254.63856154661 3242.41567370228 3125.93726861544 3040.00725139818 2987.26300506993 2969.47340721816 2969.47340721816 2969.47340721816 2969.47340721816 2969.47340721816 2969.47340721816 2969.47340721816 2969.47340721816 2969.47340721816 2969.47340721816 2987.26300506993 3040.00725139818 3125.93726861544 3242.41567370228 3386.29161189233 3554.23947418808 3743.02036882246 3949.6481615401 4171.4716336799 4406.19636977251 4651.86985849807 4906.84784485378 5169.75378743923
1554.03431240849 1293.58829671924 1069.40136383146 908.718019224346 650.963910689889 325.481969115208 0 0 0 0 0 0 325.481969115208 650.963910689889 976.445866564585 776.971671617169 534.684155217867 325.481969115208 0 0 325.481969115208 650.963910689889 976.445866564585 1301.92781613688 1627.40976933202 1952.89172034888 2278.37367078698 2603.85561981752 2929.33756861601 3021.20988599556 2859.01113699544 2726.19292247116 2627.21500462155 2565.99633262535 2545.26292263062 2545.26292263062 2545.26292263062 2545.26292263062 2545.26292263062 2545.26292263062 2545.26292263062 2545.26292263062 2545.26292263062 2545.26292263062 2565.99633262535 2627.21500462155 2726.19292247116 2859.01113699544 3021.20988599556 3208.33622526327 3416.2964087979 3641.52284423425 3881.01066275961 4132.28103454756 4393.31275718086 4662.46662765164 4938.41480330504
1369.39886694406 1064.68778451879 777.032321032091 534.706201337352 424.210491466315 325.500063195044 0 0 0 0 0 325.500063195044 534.695186838022 777.002002729055 848.420972755028 908.724495296019 651.00009885114 325.500063195044 0 0 325.500063195044 651.00009885114 976.500144181403 1302.00019246005 1627.50023696129 1953.00028483479 2278.50032737256 2604.00037073314 2883.42391488878 2673.64106064626 2488.88308522591 2335.09763216669 2218.73439818484 2145.88982787807 2121.05243477404 2121.05243477404 2121.05243477404 2121.05243477404 2121.05243477404 2121.05243477404 2121.05243477404 2121.05243477404 2121.05243477404 2121.05243477404 2145.88982787807 2218.73439818484 2335.09763216669 2488.88308522591 2673.64106064626 2883.42391488878 3113.17681175747 3358.8042066681 3617.07353691198 3885.46466538881 4162.01991786179 4445.21578230358 4733.86061550084
1302.07255782281 976.554423406321 651.036278063519 325.518142394441 0 0 325.518142394441 0 0 325.518142394441 424.210480819579 424.210480819579 424.210480819579 424.210480819579 424.210480819579 534.717198716915 777.032321032091 534.706201337352 325.518142394441 0 325.518142394441 651.036278063519 976.554423406321 1302.07255782281 1627.59069956204 1953.10883634876 2278.62697295378 2604.14511013414 2587.42240136798 2351.36406070119 2138.9348797532 1957.84144411248 1817.47490915366 1727.78997909643 1696.84194926312 1696.84194926312 1696.84194926312 1696.84194926312 1696.84194926312 1696.84194926312 1696.84194926312 1696.84194926312 1696.84194926312 1696.84194926312 1727.78997909643 1817.47490915366 1957.84144411248 2138.9348797532 2351.36406070119 2587.42240136798 2841.22643136605 3108.43237359113 3385.86875555829 3671.2169435966 3962.76818141368 4259.24884125734 4559.6974585549
1302.14491916394 976.60869036517 651.072455265468 325.53622058978 0 0 0 0 0 0 0 0 0 0 0 325.53622058978 534.728212762837 777.062626527774 534.717198716915 424.210480819579 534.717198716915 777.062626527774 1064.73755955443 1369.46767413107 1682.00869402349 1998.69974332972 2317.84037052581 2610.20583149187 2331.36975607733 2066.24742573543 1820.83905931791 1604.21768350442 1429.53029230559 1313.61422734223 1272.63146207983 1272.63146207983 1272.63146207983 1272.63146207983 1272.63146207983 1272.63146207983 1272.63146207983 1272.63146207983 1272.63146207983 1272.63146207983 1313.61422734223 1429.53029230559 1604.21768350442 1820.83905931791 2066.24742573543 2331.36975607733 2610.20583149187 2898.80095959644 3194.51131216801 3495.53158304789 3800.60028996552 4108.81577114857 4419.51971417284
1369.53647786113 1064.78734074657 777.092942465571 534.728212762837 424.210491466315 424.210491466315 325.554325527488 0 0 0 0 325.554325527488 0 0 0 0 325.554325527488 534.739235027996 424.210491466315 424.210491466315 534.739235027996 777.123257220728 1064.83711536999 1369.60527483711 1682.18374372595 1998.91187702324 2318.08935035142 2335.16571948464 2129.7239940735 1835.68869308063 1554.27681957077 1293.75217349814 1069.48946775244 908.74394311413 848.420972755028 848.420972755028 848.420972755028 848.420972755028 848.420972755028 848.420972755028 848.420972755028 848.420972755028 848.420972755028 848.420972755028 908.74394311413 1069.48946775244 1293.75217349814 1554.27681957077 1835.68869308063 2129.7239940735 2431.80804628531 2739.27933017009 3050.50928554016 3364.45498082769 3680.42150934201 3997.92976805068 4316.63956542794
1554.21619705407 1293.71120275845 1069.4674403411 908.737452270945 848.420972755028 651.144817511777 325.572429458388 0 0 0 325.572429458388 534.739235027996 325.572429458388 0 0 0 0 325.572429458388 0 0 325.572429458388 651.144817511777 976.71723373404 1302.28963672018 1627.86204610357 1953.43445007358 2139.06702249847 1957.92265066526 1817.51378932582 1682.27126040422 1369.67406835751 1064.88688766685 777.153570793385 534.750248620045 424.210491466315 424.210491466315 424.210491466315 424.210491466315 424.210491466315 424.210491466315 424.210491466315 424.210491466315 424.210491466315 424.210491466315 534.750248620045 777.153570793385 1064.88688766685 1369.67406835751 1682.27126040422 1999.01792865021 2318.21382341754 2638.97035511288 2960.78035244924 3283.33406883941 3606.43195802113 3929.93980295563 4253.76407350912
1820.83905931791 1604.21768350442 1429.53029230559 1313.61422734223 1064.88688766685 777.153570793385 534.750248620045 424.210491466315 424.210491466315 424.210491466315 534.750248620045 777.153570793385 534.750248620045 325.590518511061 0 0 0 0 0 0 325.590518511061 651.180995619471 976.771491647559 1302.36198600005 1627.95248027623 1953.54297052672 1820.994287713 1604.31678690256 1429.5797170984 1313.62767747895 1272.63146207983 976.771491647559 651.180995619471 325.590518511061 0 0 0 0 0 0 0 0 0 0 325.590518511061 651.180995619471 976.771491647559 1302.36198600005 1627.95248027623 1953.54297052672 2279.13346310677 2604.72395436427 2899.19096458323 3194.9592178946 3496.03693297749 3801.16267717825 4109.43485540716
2138.97892824202 1957.86851487553 1817.48787096013 1554.33743972305 1293.79314294041 1069.51149471011 908.750423971025 848.420972755028 848.420972755028 848.420972755028 908.750423971025 1064.93665339643 777.183871561058 534.76125353952 325.60857881717 0 0 0 0 0 325.60857881717 651.217157846488 976.825746547314 1302.43432432557 1628.04290387714 1821.04602426408 1554.45866131355 1293.8750569893 1069.55553037359 908.763375606371 848.420972755028 777.214182769583 534.772266678099 325.60857881717 0 0 0 0 0 0 0 0 0 0 325.60857881717 651.217157846488 976.825746547314 1293.8750569893 1554.45866131355 1835.92926128816 2130.02258148098 2432.16397563956 2739.69203383429 3050.97832299723 3364.98000505164 3681.00225272504 3998.56601140705
2488.95879681367 2331.55161459996 2066.38991919441 1820.94254969198 1604.28375874723 1429.56324446355 1313.62319411535 1272.63146207983 1272.63146207983 1272.63146207983 1313.62319411535 1293.83410410387 1064.98641680051 777.214182769583 534.772266678099 424.210491466315 424.210491466315 424.210491466315 424.210491466315 424.210491466315 534.772266678099 777.214182769583 1064.98641680051 1369.81163514222 1682.44626936573 1554.51926856398 1293.91601555963 1065.03617787941 777.244486985164 534.783279589878 424.210491466315 424.210491466315 325.626693601786 0 0 0 325.626693601786 424.210491466315 424.210491466315 424.210491466315 424.210491466315 325.626693601786 0 0 325.626693601786 534.783279589878 777.244486985164 1065.03617787941 1369.88041500252 1682.53376433582 1999.33603848418 2318.58718888644 2639.39874169945 2961.26360066821 3283.87205991783 3607.02460648228 3930.58704495399
2841.5310870949 2587.66818486513 2351.55187877726 2139.06702249847 1957.92265066526 1817.51378932582 1727.80020245286 1696.84194660144 1696.84194660144 1696.84194660144 1727.80020245286 1554.45866131355 1293.8750569893 1069.55553037359 908.763375606371 848.420972755028 848.420972755028 848.420972755028 848.420972755028 848.420972755028 908.763375606371 1069.55553037359 1293.8750569893 1554.45866131355 1682.62125207207 1369.94918151922 1065.08593663347 777.274790019251 534.79429227487 325.644751901618 0 0 0 0 0 0 325.644751901618 424.210491466315 424.210491466315 424.210491466315 424.210491466315 325.644751901618 0 0 0 325.644751901618 651.289504015455 976.934247307546 1302.57898892475 1628.22373601392 1953.86848185264 2279.51322368114 2605.15796716028 2930.80270936519 3256.44745139969 3582.09219152167 3907.73692864049
-9999 -9999 -9999 -9999 -9999 -9999 -9999 -9999 -9999 -9999 -9999 -9999 -9999 -9999 -9999 -9999 -9999 -9999 1272.63146207983 1272.63146207983 -9999 -9999 -9999 -9999 -9999 1293.99792532062 976.988479300518 651.325646349473 325.662823068609 0 0 0 0 0 0 325.662823068609 325.662823068609 0 -9999 -9999 -9999 -9999 -9999 -9999 -9999 -9999 -9999 -9999 -9999 -9999 1953.97696433191 2279.63978921624 2605.30261277963 2930.96543771086 3256.62826016068 3582.29108027832 3907.95389823399
-9999 -9999 -9999 -9999 -9999 -9999 -9999 -9999 -9999 -9999 -9999 -9999 -9999 -9999 -9999 -9999 -9999 -9999 1696.84194926312 1696.84194926312 -9999 -9999 -9999 -9999 -9999 1065.18543868819 777.335380923139 534.816300074798 325.680907100618 0 0 0 0 325.680907100618 424.210491466315 534.80528784299 325.680907100618 0 -9999 -9999 -9999 -9999 -9999 -9999 -9999 -9999 -9999 -9999 -9999 -9999 1954.08544309998 2279.76634772482 2605.44725210222 2931.12815394057 3256.80905611015 3582.48995673257 3908.17085462637
-9999 -9999 -9999 -9999 -9999 -9999 -9999 -9999 -9999 -9999 -9999 -9999 -9999 -9999 -9999 -9999 -9999 -9999 -9999 -9999 -9999 -9999 -9999 -9999 -9999 977.096952745608 651.397966602423 325.698976261565 0 0 0 325.698976261565 424.210480819579 424.210480819579 424.210480819579 424.210480819579 325.698976261565 0 0 -9999 -9999 -9999 -9999 -9999 -9999 -9999 -9999 -9999 -9999 -9999 1999.65407512627 2318.96046502711 2639.82702797215 2961.74673191559 3284.40992299407 3607.61711376765 3931.23413213751
