Rnew_bats/Bats_data_products/FireReturnAll.asc
NCOLS 434 
NROWS 250 
XLLCORNER -121.69454516 
YLLCORNER 39.36708274 
CELLSIZE 0.00381074763999997 
NODATA_value -9999 
[rows 28 to 55 of 250, columns 252 to 314 of 434]
16 15.0529315234531 14.6868125814298 15.8872662189262 14.3125349112883 15.091505293277 16 16 16 16 16 16 16 16 16 15.6495034585233 14.3358007108467 15.5234139064789 15.2673659486019 13.7210310928427 11.0205798824718 13.8329083503348 14.8511921392206 14.1465986512674 12.1022392138853 15.1664688496449 13.1981386545618 12.4004327065037 15.4594011231023 15.5613422828843 13.0483302690798 12.9756341242774 16 16 16 16 16 16 16.6732935080225 16.6446773193751 16 16 16 16 16 16 16 16 16 16 16 16 16 16 16 16 -9999 -9999 -9999 14.3911184825484 11 -9999 -9999
16 16 16 16 16 16 16 16 16 16 16 16 16 16 16 14.9231132161536 11.1179036021047 13.4969313370382 12.7482065830574 11 11.0270403562355 11.9478245568518 11.5084625458329 12.5186122633984 16 16 13.4806306222916 11.3947833694478 11 11 13.9661599188233 15.8800451308149 16 16 16 13.9116826569129 12.2406711317553 15.8093702572501 12.7792013398209 13.72798390086 16 16 16 16 16 16 16 16 16 16 16 16 16 16 16 16 -9999 -9999 -9999 12.4922174898647 11 -9999 -9999
16 14.1491923715335 14.0030972101884 16 16 16 16 16 16 16 16 16 16 16 16 14.7930454996552 11 11 -9999 -9999 17.5599312205992 16.2138588071069 13.1550472915209 12.3289294439766 -9999 -9999 -9999 13.7722580572469 11 11 11 13.0939334825163 15.9895793500555 16 12.5932013150046 13.334198369961 14.683878181645 11.5165997033832 14.4560964522798 13.4723868038137 11.7673831302225 11.8712842696927 11.9753491317544 14.2432312289856 16 16 16 16 16 16 16 16 16 16 16 16 16 15.4934760551738 13.7366332875755 11.749291405632 11 11 11.039414795304
16 14.8501086728635 14.7596828081671 16 16 16 16 16 16 16 16 16 16 16 16 15.1282511349907 12.6401298615951 12.5401599801217 -9999 -9999 29.4926138963012 18.5005369061355 13.0234954959015 11 -9999 -9999 -9999 -9999 -9999 5.91646511679517 11 13.227406737262 14.9669286266078 11.2402506856024 11.0499871876035 11.1407765825864 11.2923290949118 11.0060636836812 11.461748370194 11.3260878654022 11 11 11 13.8955002563608 16 16 16 16 16 16 16 16 16 16 16 14.1325414299808 14.6776031580643 14.8247279678079 11.01901622277 11 11 11 11
16 16 16 16 16 16 16 16 16 16 16 16 16 16 16 16 16 16 13.9248243611796 12.302732631731 12.4599123461242 14.5080332420316 12.5132358055093 11.3444712041576 11.7988022702276 11.6975251150104 -9999 -9999 -9999 -9999 -9999 4.10540524331494 14.8332524632112 11.0273725628298 11 11 11 11 11 11 11 11.3403873210043 14.3388934921177 13.2137115566963 13.6330301800284 16 16 16 16 16 16 16 14.6743510647951 13.2047003636652 13.3107251960184 11.627217718351 12.2658531458829 12.9385250124556 11 11 11 11 11
16 16 16 16 16 -9999 -9999 16 16 16 16 16 16 16 16 16 16 16 16 16 15.5187954325271 12.5105289928717 11.9638730859025 13.5555289365296 15.8702279623532 15.3846665424443 12.7516746304167 11.2497968067124 12.0760573908894 15.8821436597225 -9999 -9999 11.039191901067 11.1031930091468 14.7104762179916 13.1164945703905 11 11 11 11 11 11.1090778974885 11.947458246211 11.4362726119478 12.9736518267053 16 16 16 16 16 16 13.8518502756218 12.1009327723524 11 11 11 11 11 11 11 11 11 11
16 -9999 -9999 -9999 -9999 -9999 -9999 15.3815858227973 13.7157443005844 15.5059882209752 14.8540561985293 14.5822930938357 16 16 16 16 16 16 16 15.520244170998 14.8717227208061 14.9723405424374 15.0731220491393 15.5337422052636 15.0163226306619 11.2100299771121 14.5962644379566 13.5974393825862 12.2088585640226 16 16 -9999 -9999 -9999 -9999 -9999 -9999 -9999 -9999 -9999 11 11 11 11 13.109868343994 16 16 16 16 16 16 14.448016028358 12.3794198375714 11 11 11 11 11 11 11 -9999 -9999 11
-9999 -9999 -9999 -9999 -9999 -9999 16 15.2648660300475 13.4008394097035 15.4477054994712 14.3551291069695 13.9716079672431 16 16 16 16 16 16 16 13.9168897409695 11.1941612726206 11.9304483496527 11.8898800892589 13.7336986251781 15.0378564255637 11.6553037218622 14.4902122470876 13.4702527145387 12.5478099963882 15.9946708263654 15.9385018824324 13.2535797401818 -9999 -9999 -9999 -9999 -9999 -9999 -9999 -9999 -9999 -9999 -9999 -9999 -9999 13.2156895128453 15.9036068405446 16 16 16 16 16 14.8074888961667 12.8764789355172 11 11 11 11 11 11 -9999 -9999 11.2635378529676
-9999 -9999 16 16 16 16 16 16 16 16 16 16 16 16 16 16 16 16 16 14.2973329858661 12.859735627856 15.8603144566402 16 16 16 15.9457397339412 12.1390184827784 13.6677045357271 15.9278176625463 15.5840192969098 11.9046781134793 11.0614785990275 -9999 -9999 -9999 -9999 -9999 -9999 -9999 -9999 -9999 -9999 -9999 -9999 -9999 14.8489575392057 15.9986375084162 16 16 16 16 16 16 14.3568674156884 11 11 11 11 11 11 11 11 13.0637624409143
-9999 -9999 29.4413071409555 28.972514997321 28.5029373138755 28.0325740854793 20.959935277617 16 16 16 14.7581087076505 14.084604588449 14.4367105105019 15.8294413436453 16 15.3572949321411 14.8440063361165 15.9290791723113 16 15.4758349369369 14.98273819409 15.0833491666796 15.7985758869122 15.6321607970729 15.5555161443082 15.8327178882405 12.3350394268147 13.9364456180709 14.4595934118537 11.0971016582674 11.0005898931499 11 -9999 -9999 -9999 -9999 -9999 -9999 -9999 -9999 -9999 -9999 -9999 11.993343727927 12.4425778710677 13.4624225518181 16 16 16 16 16 16 16 14.2187624495256 11 11 11 11 11 11 -9999 -9999 -9999
-9999 -9999 35.7375426373629 30.8713216378547 27.6748868546016 28.1452393904 27.8809087718712 23.0049970452962 16 16 14.0585439063676 12.1200233693706 11.5319066123632 14.0762907828565 14.4195337106457 12.9375616384744 11.7630598267759 14.6158076696622 15.6855108230156 14.0594292391955 11.9802511882264 11.9379326986715 14.4618190840965 13.3511606468064 12.7394744322186 15.5547236496158 15.9345739346071 15.8401308055494 15.8292011333852 15.3915449999948 11.6414457801566 11 11.0936476259573 12.063353874101 15.6198731285598 15.6297604134508 -9999 -9999 -9999 -9999 -9999 -9999 11.0300319883632 13.7892759224863 12.6513622461317 -9999 -9999 -9999 16 16 16 16 16 15.0686406659771 13.1091538896912 11.2202241869861 11 11.9231475990644 12.6518792072361 11.0919032047756 -9999 -9999 -9999
-9999 -9999 -9999 19.1407021367681 16 16 23.9607613634564 24.1761349025533 15.6897091783189 14.1513159898355 15.3559782252495 14.6431984984855 12.4094099531403 11.0780648081289 11 11.6864184857795 12.0256419237733 11.0020429079328 14.7991367571696 16 16 15.8160870091221 12.5691806644785 13.7497846516709 14.1717443514447 11.8496608629876 15.3080121048833 12.9346584337109 11 11 11.007195424148 14.1811841665003 15.7251588191991 15.6912438918756 15.9728173581921 12.8866545180324 13.6978383506269 16 16 15.2520312812076 15.4634753254391 15.6704740452351 14.6081637222412 12.8544969927185 11.6700492974431 -9999 -9999 -9999 16 16 16 16 16 16 15.1351733174998 11.3277594101851 11 12.3211098659672 13.339298895495 11.0608461651608 11 11 13.0045130657737
-9999 -9999 -9999 16 16 16 16 16 15.504676854501 13.2048707916094 15.0519676396882 16 15.2854132865857 12.6792114155949 11.3918143234883 12.8016832933233 13.7220191395658 11.0926850279476 14.0597445756286 15.5444458397274 16 16 16 13.3908632933185 13.0994488257296 16 16 12.929124920759 11.096806276168 11 11 11.1435897856059 13.40816875718 -9999 -9999 -9999 15.6335604650584 16 16 16 16 16 15.9161527767829 14.8061500166382 14.4465498989781 14.3420175652641 14.0774229599375 13.0320357193186 14.8843206554007 16 16 16 14.2344436965638 14.5978185623967 14.9968878248972 11.1892605316657 -9999 -9999 11 11 11 11 18.0280766090417
17.42298938347 27.4251178868121 28.7298456126237 23.4942057729959 16 16 16 16 16 16 16 16 16 15.9852574265012 13.2960722188598 12.3697571842881 12.2699736483569 12.1700264587245 12.0699156142656 14.2815446992599 15.7086625047934 15.3057484126635 15.9053608693505 16 16 15.9478827111521 15.7619876830335 15.8384466377698 15.9401940922063 15.0198954749002 11.2391389496569 11 13.3693561722795 -9999 -9999 -9999 16 16 16 16 -9999 -9999 16 16 16 16 15.7557073010673 14.2910772111652 15.31450689196 14.7868978425061 13.2200479286574 13.3255600203811 11.7168688743237 12.1840773356973 13.0397235440276 11.0279172891665 -9999 -9999 11 11 11 15.3228248882891 23.5997810356153
30.8483133721777 38.8039870669632 35.2211967128391 25.9291718959779 16 16 23.460323312983 21.5017776071172 16 16 16 16 16 16 16 16 16 16 16 16 14.1931007467936 11.6148917692371 15.4228860472715 16 16 15.1531205182044 11.3451191638034 11 11.0103565359143 11.0620365573149 11.0040981097162 14.4854758004806 15.8073186254151 16 16 16 16 16 16 16 -9999 -9999 16 16 16 16 16 16 16 13.7605920484028 11 11 11 11 11.5937526109007 13.2138156021469 13.1074874521915 11.9189300710686 11 11 11 25.0931238726429 35
40 40 30.5066189019174 -9999 -9999 -9999 25.7866950613417 23.1805476598071 16 16 16 16 16 16 16 16 15.5921724246927 15.0165433859155 15.864860317723 16 14.370287568365 12.2333791712605 15.0663731286709 15.5071254827645 15.7783063822083 15.0210540006751 11.2128393548112 11 13.3967676320967 15.883890551736 15.7826947517282 15.9249118036524 16 16 16 16 16 16 -9999 -9999 -9999 16 16 16 16 16 15.4048318263293 13.1233989877906 13.0834293351556 12.1483221797369 11 11 11 11 11.770478212273 14.1185324921241 18.9415524555316 14.8521068884724 11 11 11 25.7639044722521 35
40 40 35.1557799487675 -9999 -9999 14.1758669556431 24.8134858963815 20.8049852609135 16 16 16 16 15.5012623761328 14.6618212052257 15.7876794284618 16 14.1647696577381 11.6436423783234 15.4520561679553 16 16 15.1226919133707 11.3142710810756 11.3185648858479 13.3305918356174 14.6918109768249 11.0781190108352 11 13.5362911354824 16 16 16 16 16 15.6645494973046 12.4490269087419 14.3515550478483 16 -9999 -9999 -9999 16 16 16 16 16 14.9116342408979 11.1031683622451 11 11 11 11 11 11 11 11.6257120993286 18.4274483935406 14.7213962700704 11 11 11 22.7700447633371 31.8511568832617
29.708888740171 39.5909208752115 40 34.3329397314356 28.1830182942582 26.1976620029261 36.8617592592142 27.0985234137589 16 16.5320144909528 22.784651687774 19.229452310357 14.7952952160797 12.8068707064547 15.5203689681041 15.228741312283 13.3537698179573 11.7739819206895 15.582608956279 16 16 14.9914993784156 11.1828652943119 14.3220530968749 13.5572551471725 11.2165008252171 11.1139001896793 11.0030806252565 11.0470928717935 12.6115610515578 16 16 16 16 15.9268588782931 15.3029681515527 15.6618896212038 16 16 16 16 16 16 16 16 16 14.7751099646913 11 11 11 11 11 11 11 11 11 11 11 14.303087506774 17.8605400617477 11.6833017432696 13.37378660629 23.4543895589494
19.8201944805891 32.6961362601219 29.3715112916531 22.1103369770836 20.5464641320121 32.1577881581287 33.7171645681731 24.0654145904644 16 17.3406042704467 29.5176709994304 22.3941772744621 16 16 16 13.4920109424276 12.0847929099525 12.7110447964107 15.7639096850424 16 16 14.9933131410764 11.5292244675025 11.3818060662165 13.7028739360514 16 15.8160629292784 12.0024726905838 11 12.6105110315621 16 16 16 16 16 16 16 -9999 -9999 -9999 16 16 16 16 16 16 14.6385965271441 11 11 -9999 -9999 11.9700966911807 20.6461514402602 15.3222930219349 11 11 11 11 17.4596708500423 24.2995492131012 12.0449310578062 11 19.1428494052337
17.2172295366272 20.8567333375846 17.1319498293974 16 20.0281568490038 29.2231441123584 23.3583237613729 18.5164851398048 16 16 16 16 16 16 16 16 16.2798215654596 16.4510124948142 16.0159014828349 16 16 16 16 16 16 16 15.6838251231568 11.8747556966845 13.8390950280194 15.8279529045255 16 16 16 16 16 16 16 -9999 -9999 7.30302353939208 16 16 16 16 16 16 14.502093928845 -9999 -9999 -9999 -9999 22.822342761596 23.5440457225999 15.8686447454962 11 11 11 11 -9999 -9999 0.457760605093042 11 11
16 16 16 16 16 16 16 16 16 16 16 16 16 16 16 16 17.1276982011663 17.8818937291971 16.0129675732288 16 16 16 15.9827308979641 15.7525367891618 15.9102986192765 15.9654375126909 15.5479328517651 11.7423151841897 11.1222326460818 11.3011675176509 12.0334836539119 15.545900375491 16 16 16 16 16 16 16 16 16 14.2074975396613 12.6406920713991 12.8792833249227 15.3797802045372 14.2788143669992 12.3855630203035 -9999 -9999 -9999 -9999 21.7149231584562 12.316107062709 11 11.8850529352807 12.6262376378461 11.1027124184828 11 -9999 -9999 10.8902735135308 17.4885857429547 16.9735666985688
16 16 16 16 16 16 16 16 16 16 16 16 16 16 16 16 16 15.7736644718444 15.2425721740017 15.8537698350564 16 16 15.6828141260473 12.0726656473466 14.0307899188376 14.2531043479439 11.0291685571851 11.0164139545799 11 12.8732206233494 15.6318344014833 15.9596533301948 16 16 16 16 16 16 16 16 16 13.2767544361176 11 11.1219840769467 12.5662423940516 11.8116779822869 11 11 11 11 11 11 11 11 12.3207554406168 13.4013163316267 11.084271828532 11 -9999 -9999 35 35 35
14.321708135935 16 16 16 16 16 16 16 16 15.6906526372242 14.5415460820902 14.5662221401043 15.2998553440706 16 16 16 15.5100026269654 14.2148819575174 11.9371482178526 15.1664620669528 16 16 16 16 16 15.9880601972085 15.9299698049099 15.8284069239199 15.7266804102074 13.8043059514199 11.4772635199637 11.5794809387168 14.7659678824543 16 16 16 16 16 16 16 16 15.0791401231347 14.2853271407512 13.8769496750686 11.4382204049679 11 11 11 11 11 11 11 11 11 -9999 -9999 11 11 11 17.8840806536468 34.6756336684168 30.0269557505006 32.5990313256999
12.7876646855646 15.7157167396065 13.9890663450107 15.2214336539841 16 16 16 14.7614153515705 14.3069517751488 13.6722696859114 11.0795430846297 12.0325611207566 14.1534655682544 16 16 16 13.2541025676849 12.5558018252542 15.948835149254 15.4995274269283 15.7990099396597 16 16 16 16 13.9672052521453 11.1070623816756 11.2086229306398 14.5601519910129 15.8124501850514 15.4857136438653 15.3834985720305 15.8137497992331 16 16 16 16 16 16 16 16 16 16 15.386056518022 11.5761035005184 11 11 11 11 11 11 11 11 11 -9999 -9999 -9999 -9999 14.3534207760274 -9999 -9999 -9999 27.589135956557
-9999 15.2756015130919 11.4655101289688 14.3445829774873 16 16 16 12.4150273164551 11.7932352187048 12.5573587955728 12.4694068689752 15.1447998691496 16 16 16 16 13.1240486067411 12.6860689124837 15.5695545618969 12.1779169725526 14.2904044102608 16 16 16 16 15.9814920295392 14.9068589067572 11.2022101979531 14.597478758002 16 16 16 16 16 16 16 16 16 16 16 16 16 16 15.250247628818 11.440081444839 11 11 11 11 -9999 -9999 -9999 -9999 -9999 -9999 -9999 -9999 -9999 17.9977102906431 -9999 -9999 -9999 -9999
-9999 13.6288743154025 13.2467723784938 15.1165781040729 16 16 16 13.5622322405679 14.3252789991868 16 16 16 15.3234981490025 15.2299243847548 16 16 13.4902496386462 13.2782801208364 16 16 16 16 16 16 16 16 15.9598104691981 15.7218475529969 15.9023659208933 16 16 16 16 16 16 16 16 16 14.6836385634641 12.96314087714 15.6309510198531 16 16 -9999 -9999 -9999 11 13.8692682485805 23.0719251476803 -9999 -9999 -9999 -9999 -9999 11 11 11 11 11 -9999 -9999 -9999 -9999
12.3396222749694 11.9780827181374 15.7886002609966 16 16 16 16 16 16 16 16 16 13.7927838393631 13.4209565460257 16 16 15.5055352426321 15.3115559874495 15.5007290036358 15.9577938497318 16 16 16 16 16 16 16 16 16 16 14.7017830845997 11.9791145800586 15.2535125070403 16 16 16 16 16 15.4301013490424 14.6905285837725 15.8641633679266 16 16 -9999 -9999 -9999 11 13.8936055915077 23.1317905042665 32.4258295037577 -9999 -9999 20.3886491127621 12.6607900962613 11 11 -9999 -9999 -9999 11 11 11 24.0690330448754
14.7738466515654 13.8424241631341 15.9516269574314 16 16 16 16 16 16 16 16 16 16 16 16 16 13.2247024642927 11.6513800683402 12.3410046280867 15.7255414277654 16 15.8839685950553 15.8844212821898 15.9994319887733 16 16 16 15.8286891048946 12.371101683823 14.0519124534958 15.7858036558012 15.3007775308192 15.8679371278562 16 16 16 16 16 14.5213558855072 12.588146174739 12.6918244503145 12.7956663549413 12.8996718897778 13.0038410560039 13.1081738547559 11.5404547654733 11 11 11.5122876108247 21.163534930178 -9999 -9999 23.8674963234994 13.1545347399108 11 11 -9999 -9999 -9999 11 11 11 11
