Rnew_bats/Bats_data_products/fire_edge.asc
NCOLS 434 
NROWS 250 
XLLCORNER -121.69454516 
YLLCORNER 39.36708274 
CELLSIZE 0.00381074763999997 
NODATA_value -9999 
[rows 25 to 49 of 250, columns 228 to 284 of 434]
1601.13885893482 1816.01500606811 2059.60319383893 2322.88830757019 2579.7828149115 2831.75517504963 3097.12342420348 3372.72705599247 3656.25220920828 3945.99173583 4240.6720537589 4539.33104074517 4677.55027535862 4711.09428104685 4766.47639630051 4842.94748118973 4939.52817008443 5055.06596725989 5188.29456454135 5337.88948872249 5502.51606572 5680.86763295007 5871.69364142128 6073.81844542229 6286.15223694892 6507.69579066091 6737.5406638745 6787.36778854261 6605.43147997673 6403.95807185359 6212.83482828314 6033.04549062028 5865.63234907496 5679.7248203517 5501.56039741152 5337.11111542905 5187.68144787242 5022.84057671275 4710.19600295945 4399.18470254383 4090.17927006441 3783.67118312832 3480.32032164419 3181.03005395889 2887.06349806257 2591.21821229113 2267.31593838741 1943.41366644349 1619.51139097179 1295.60911514986 971.706837374474 647.804553253635 323.902297438235 0 0 0 0
1548.8056005702 1828.44890370611 2120.73680154845 2421.09403724907 2726.85545349695 3036.38890092467 3348.45367170591 3604.90729094301 3871.48048169566 4146.22184550433 4242.10486856805 4242.10486856805 4254.4608593657 4291.31537736201 4352.04608098335 4435.67238130656 4540.92951452254 4666.35394970971 4810.36843304074 4971.35763432743 5147.72920171704 5337.95860809548 5540.61866744665 5754.39617065533 5978.0985524069 6210.65344767167 6451.10355912283 6698.59872976687 6787.36778920803 6746.13903560976 6564.97477767844 6395.08336372698 6212.9497756972 6033.14331947881 5865.71385235512 5571.93007051622 5252.00032547714 4932.59390827034 4613.81950639735 4295.81782192659 3978.77413549767 3662.93721544798 3348.6485366461 3036.38890092467 2726.85545349695 2421.09403724907 2120.73680154845 1828.44890370611 1548.8056005702 1290.05610873575 971.761495881785 647.841001554115 323.920507644177 0 0 0 0
1363.46235398321 1674.36833352753 1989.44047718746 2306.97245120017 2626.07211187112 2946.23012743704 3267.13537358206 3588.58739720858 3831.61935750567 3817.8943813063 3817.8943813063 3817.8943813063 3831.61935750567 3872.50242814519 3939.69821182492 4031.89133247653 4147.41512364216 4284.3827404203 4440.81045482316 4614.71974122714 4804.21251129567 5007.51996322484 5223.02912708424 5449.2925312532 5685.0262686053 5929.10085870756 6180.52821864796 6363.15730253134 6363.15730253134 6363.15730253134 6363.15730253134 6363.15730253134 6363.15730253134 6169.60968501114 5846.47098532062 5523.42707155805 5200.49560829038 4877.69893202138 4555.06569713469 4232.63328004855 3910.45135715601 3588.58739720858 3267.13537358206 2946.23012743704 2626.07211187112 2306.97245120017 1989.44047718746 1674.36833352753 1363.46235398321 1060.3934459262 774.41803673945 533.757175939632 424.210480819579 323.938716826432 0 0 0
1295.82771945698 1619.78465141106 1943.74157813612 2267.69850651314 2591.65543137359 2915.61235768423 3239.56928153794 3455.00673473123 3409.11801837776 3393.6838939489 3393.6838939489 3393.6838939489 3409.11801837776 3455.00673473123 3530.16260167883 3632.76960710118 3760.58142286435 3911.12781940739 4081.89411726645 4270.45535252926 4474.56241703266 4692.18704849609 4921.5363796808 5161.04756012329 5409.37094922986 5665.34789415 5927.98701097361 5938.94681564807 5938.94681564807 5938.94681564807 5938.94681564807 5938.94681564807 5938.94681564807 5938.94681564807 5831.22460666655 5507.26769923845 5183.31078848263 4859.35387653196 4535.39696120928 4211.44004402154 3887.48312472406 3563.52620432656 3239.56928153794 2915.61235768423 2591.65543137359 2267.69850651314 1943.74157813612 1619.78465141106 1295.82771945698 971.870794379983 647.913857150053 323.95693892671 0 0 0 0 0
1295.90057936465 1619.87572333347 1943.8508650943 2267.82600824174 2591.80114944977 2915.77628851246 3124.54525644548 3039.37116663321 2987.10118906623 2969.47340721816 2969.47340721816 2969.47340721816 2987.10118906623 3039.37116663321 3124.54525644548 3240.02953705999 3382.7211136687 3549.34011451405 3736.68713460002 3941.80778419122 4162.07506532973 4395.21233426174 4639.27973343366 4892.64180085801 5153.92796717016 5409.55528659228 5514.73632887443 5514.73632887443 5514.73632887443 5514.73632887443 5514.73632887443 5514.73632887443 5514.73632887443 5514.73632887443 5514.73632887443 5507.57734768692 5183.60222204933 4859.62709511521 4535.65196568128 4211.67683438305 3887.70169981408 3563.72656520183 3239.75142817799 2915.77628851246 2591.80114944977 2267.82600824174 1943.8508650943 1619.87572333347 1295.90057936465 971.925434372953 647.950292331627 323.975146061328 0 0 0 0 0
1295.97343169113 1619.96679013597 1943.96014358518 2267.95349881949 2591.94685236376 2856.30475495676 2724.59670285372 2626.47895797494 2565.80794903232 2545.26292085617 2545.26292085617 2545.26292085617 2565.80794903232 2626.47895797494 2724.59670285372 2856.30475495676 3017.20743529128 3202.90785704806 3409.35638437225 3633.01766398494 3870.90918613949 4120.56703424897 4379.97963501106 4639.43362192082 4892.81545550842 5090.52584190118 5090.52584190118 5090.52584190118 5090.52584190118 5090.52584190118 5090.52584190118 5090.52584190118 5090.52584190118 5090.52584190118 5090.52584190118 5090.52584190118 5090.52584190118 4859.90029276242 4535.90694984289 4211.91360392626 3887.92025796936 3563.92690847663 3239.9335590019 2915.94020547802 2591.94685236376 2267.95349881949 1943.96014358518 1619.96679013597 1295.97343169113 971.980071294327 647.98671849453 323.993366112746 0 0 323.993366112746 424.210491466315 424.210491466315
1296.04627643769 1620.05784624374 1944.06941361019 2268.08098023959 2592.09254708771 2485.77379772676 2333.23389373752 2217.86280461484 2145.6645666944 2121.05243477404 2121.05243477404 2121.05243477404 2145.6645666944 2217.86280461484 2333.23389373752 2485.77379772676 2669.1175213472 2877.38271457233 3105.55956706414 3349.5813399059 3606.23294537478 3871.03264935506 4120.71022103486 4380.14263045854 4647.6966288896 4666.31535447723 4666.31535447723 4666.31535447723 4666.31535447723 4666.31535447723 4666.31535447723 4666.31535447723 4666.31535447723 4666.31535447723 4666.31535447723 4666.31535447723 4666.31535447723 4666.31535447723 4536.16191369755 4212.15035694366 3888.13879803116 3564.12723795554 3240.11567540626 2916.10411168085 2592.09254708771 2268.08098023959 1944.06941361019 1620.05784624374 1296.04627643769 972.034705144625 648.023135640281 324.01155726123 0 0 0 324.01155726123 424.210491466315
1296.11912405943 1620.1489028093 1944.17867981689 2268.20845648597 2346.21930745912 2135.31612697677 1955.61823469516 1816.41079880946 1727.51020265661 1696.84194926312 1696.84194926312 1696.84194926312 1727.51020265661 1816.41079880946 1955.61823469516 2135.31612697677 2346.21930745912 2580.68845523437 2832.87814033137 3098.46445810623 3349.6940693969 3606.36546723522 3873.15671941291 4148.11567260419 4242.10486856805 4242.10486856805 4242.10486856805 4242.10486856805 4242.10486856805 4242.10486856805 4242.10486856805 4242.10486856805 4242.10486856805 4242.10486856805 4242.10486856805 4242.10486856805 4242.10486856805 4242.10486856805 4242.10486856805 4212.38709236586 3888.35732348714 3564.32755364087 3240.29778157503 2916.26800712278 2592.2382318807 2268.20845648597 1944.17867981689 1620.1489028093 1296.11912405943 972.089345216632 648.059564678004 324.029803142066 0 0 0 0 0
1363.8085349569 1674.8087976681 1989.97429201301 2307.59902179324 2060.39093530161 1816.58680028731 1601.50367373827 1428.17716981001 1313.24622052776 1272.63146207983 1272.63146207983 1272.63146207983 1313.24622052776 1428.17716981001 1601.50367373827 1816.58680028731 2060.39093530161 2323.89405419542 2580.77075752716 2832.98019282284 3098.58632493632 3374.42721739679 3658.18838453519 3817.8943813063 3817.8943813063 3817.8943813063 3817.8943813063 3817.8943813063 3817.8943813063 3817.8943813063 3817.8943813063 3817.8943813063 3817.8943813063 3817.8943813063 3817.8943813063 3817.8943813063 3817.8943813063 3817.8943813063 3817.8943813063 3817.8943813063 3817.8943813063 3589.58206154096 3268.03829139804 2947.04115176218 2626.7910478049 2307.59902179324 1989.97429201301 1674.8087976681 1363.8085349569 1060.6438291546 774.570419473795 533.812461387166 324.048006182695 0 0 0 0
1290.38538966192 1549.2931729052 1816.63876677922 2060.46252167049 1816.63876677922 1549.2931729052 1290.38538966192 1067.68017102144 908.211897964731 848.420972755028 848.420972755028 848.420972755028 908.211897964731 1067.68017102144 1290.38538966192 1549.2931729052 1816.63876677922 2060.46252167049 2323.98545069672 2601.22743056776 2888.2404851627 3182.38200769522 3409.12840360262 3393.6838939489 3393.6838939489 3393.6838939489 3393.6838939489 3393.6838939489 3393.6838939489 3393.6838939489 3393.6838939489 3393.6838939489 3393.6838939489 3393.6838939489 3393.6838939489 3393.6838939489 3393.6838939489 3393.6838939489 3393.6838939489 3393.6838939489 3393.6838939489 3393.6838939489 3349.70564065424 3037.33321538908 2727.68627494324 2421.81046989906 2121.33771194093 1828.93291811381 1549.17130222513 1290.30307905848 1060.69389615293 774.600891257242 533.823511021131 324.066194264011 0 0 0
1060.7940102876 1290.42653599487 1549.35410173534 1816.69073178464 1549.35410173534 1290.42653599487 1060.7940102876 774.661819567796 533.845609602939 424.210480819579 424.210480819579 424.210480819579 533.845609602939 774.661819567796 1060.7940102876 1290.42653599487 1549.35410173534 1829.17484889496 2121.63807351122 2422.16857133069 2728.10154691231 3037.80521199275 2987.11303999521 2969.47340721816 2969.47340721816 2969.47340721816 2969.47340721816 2969.47340721816 2969.47340721816 2969.47340721816 2969.47340721816 2969.47340721816 2969.47340721816 2969.47340721816 2969.47340721816 2969.47340721816 2969.47340721816 2969.47340721816 2969.47340721816 2969.47340721816 2969.47340721816 2969.47340721816 2969.47340721816 2987.11303999521 2887.97899564798 2601.00513737642 2323.80265215589 2060.31934206121 1816.53483479506 1549.23223876354 1290.34423501652 1060.74395227247 774.631350181095 533.834560426384 424.210480819579 324.084409196692 0
774.692281926105 1060.84406594065 1364.08538072192 1549.41502816952 1290.46768451573 1060.84406594065 774.692281926105 533.856658550811 324.102609170403 0 0 0 324.102609170403 533.856658550811 774.692281926105 1060.84406594065 1364.08538072192 1675.16104407337 1990.40119314227 2308.10010335919 2627.36599268185 2626.53286817509 2565.82174405636 2545.26291908171 2545.26291908171 2545.26291908171 2545.26291908171 2545.26291908171 2545.26291908171 2545.26291908171 2545.26291908171 2545.26291908171 2545.26291908171 2545.26291908171 2545.26291908171 2545.26291908171 2545.26291908171 2545.26291908171 2545.26291908171 2545.26291908171 2545.26291908171 2545.26291908171 2545.26291908171 2565.82174405636 2626.53286817509 2724.71363340471 2580.68845523437 2323.89405419542 2060.39093530161 1816.58680028731 1549.2931729052 1290.38538966192 1067.68017102144 908.211897964731 648.205211582389 324.102609170403 0
648.241616453559 972.362425203472 1296.48324154839 1272.63146207983 1060.89412348916 774.722748916397 533.867724189775 324.120808122152 0 0 0 0 0 324.120808122152 648.241616453559 972.362425203472 1296.48324154839 1620.60405036963 1944.72485605679 2268.84566459199 2333.37043452333 2217.92664689585 2145.68106290805 2121.05243264469 2121.05243264469 2121.05243264469 2121.05243264469 2121.05243264469 2121.05243264469 2121.05243264469 2121.05243264469 2121.05243264469 2121.05243264469 2121.05243264469 2121.05243264469 2121.05243264469 2121.05243264469 2121.05243264469 2121.05243264469 2121.05243264469 2121.05243264469 2121.05243264469 2121.05243264469 2145.68106290805 2217.92664689585 2333.37043452333 2486.00163840861 2580.77075752716 2323.98545069672 2060.46252167049 1816.63876677922 1601.53683254871 1364.08538072192 1060.84406594065 774.692281926105 533.856658550811 324.120808122152
648.278033214072 848.420978078396 908.237886028459 848.420978078396 774.753208879038 533.878772679971 324.139033919522 0 0 0 0 0 0 324.139033919522 648.278033214072 972.417042216335 1296.55605068532 1620.69506231375 1944.83406918291 2135.58135123113 1955.78113618501 1816.48874808337 1727.53069183635 1696.84194660144 1696.84194660144 1696.84194660144 1696.84194660144 1696.84194660144 1696.84194660144 1696.84194660144 1696.84194660144 1696.84194660144 1696.84194660144 1696.84194660144 1696.84194660144 1696.84194660144 1696.84194660144 1696.84194660144 1696.84194660144 1696.84194660144 1696.84194660144 1696.84194660144 1696.84194660144 1727.53069183635 1816.48874808337 1955.78113618501 2135.58135123113 2346.59646426898 2580.85305894536 2346.34504083141 2121.73818032836 1829.25548373225 1549.41502816952 1290.46768451573 1060.89412348916 774.722748916397 533.867724189775
424.210491466315 424.210491466315 533.889820941526 424.210491466315 424.210491466315 324.1572308263 0 0 0 0 0 0 0 324.1572308263 648.31443399608 972.471637584508 1296.62884876737 1620.78606357411 1944.94327153215 1816.50173930382 1601.70259374571 1428.27630738836 1313.27317634866 1272.63146207983 1272.63146207983 1272.63146207983 1272.63146207983 1272.63146207983 1272.63146207983 1272.63146207983 1272.63146207983 1272.63146207983 1272.63146207983 1272.63146207983 1272.63146207983 1272.63146207983 1272.63146207983 1272.63146207983 1272.63146207983 1272.63146207983 1272.63146207983 1272.63146207983 1272.63146207983 1313.27317634866 1428.27630738836 1601.70259374571 1816.89855208576 2060.82039868199 2324.44235209548 2601.44969434742 2324.16822903046 2060.6056825638 1816.74269033164 1549.47594929321 1290.50883172455 1060.94417016182 774.753208879038
0 0 324.175426711633 0 0 0 0 0 0 0 0 0 0 324.175426711633 648.350825768346 972.526239175917 1296.7016462455 1620.87705693894 1601.73574279869 1428.29283281123 1290.63225498177 1067.8127782864 908.250874808774 848.420972755028 848.420972755028 848.420972755028 848.420972755028 848.420972755028 848.420972755028 848.420972755028 848.420972755028 848.420972755028 848.420972755028 848.420972755028 848.420972755028 848.420972755028 848.420972755028 848.420972755028 848.420972755028 848.420972755028 848.420972755028 848.420972755028 848.420972755028 908.250874808774 1067.8127782864 1290.63225498177 1549.65869829448 1829.57796285748 2122.13853483484 2422.76523474572 2545.26292263062 2324.25961086406 2060.67726147253 1816.79464987863 1549.53687093646 1290.54997412181 1067.76858192441
0 0 0 0 0 0 0 0 324.193607644335 0 0 0 324.193607644335 533.900868974455 774.814125211938 1061.04425642543 1364.36215044972 1313.28215920664 1272.63146207983 1067.83487366666 908.257364156612 774.844569924768 533.91190831959 424.210480819579 424.210480819579 424.210480819579 424.210480819579 424.210480819579 424.210480819579 424.210480819579 424.210480819579 424.210480819579 424.210480819579 424.210480819579 424.210480819579 424.210480819579 424.210480819579 424.210480819579 424.210480819579 424.210480819579 424.210480819579 424.210480819579 424.210480819579 533.91190831959 774.844569924768 1061.09428750422 1364.43132748925 1675.60120549482 1990.93463695253 2121.05243264469 2121.05243264469 2145.6920589101 2217.96920196547 2060.74883132003 1816.84660296788 1601.66944400665 1428.25978809871
0 0 0 0 0 324.211787557498 424.210480819579 424.210480819579 324.211787557498 0 0 0 324.211787557498 533.922964354488 774.875025098684 1061.14432473656 1067.85696858974 908.26386340334 848.420972755028 774.875025098684 533.922964354488 424.210491466315 324.211787557498 0 0 0 0 0 0 0 0 0 0 0 0 0 0 0 0 0 0 0 0 324.211787557498 648.423603185581 972.635409945472 1290.71451659969 1549.78050150443 1696.84194660144 1696.84194660144 1696.84194660144 1727.54434941159 1816.54070743512 1955.88971809486 2135.58135123113 1955.78113618501 1816.48874808337
0 0 0 324.230008240681 424.210491466315 533.922964354488 774.875025098684 648.459988831238 324.230008240681 0 0 0 0 324.230008240681 648.459988831238 972.689997700316 774.90547324726 533.934011701621 424.210480819579 424.210480819579 324.230008240681 0 0 0 0 0 0 0 0 0 0 0 0 0 324.230008240681 424.210491466315 424.210491466315 424.210491466315 324.230008240681 0 0 0 0 324.230008240681 533.934011701621 774.90547324726 1061.19435109753 1272.63146207983 1272.63146207983 1272.63146207983 1272.63146207983 1313.29114200317 1428.34238896049 1601.83517456343 1817.10633370559 2061.10662574943 2217.9372887943
424.210480819579 424.210480819579 424.210480819579 533.934011701621 774.90547324726 908.26386340334 972.74457774884 648.496386364394 324.248200041953 0 0 0 0 324.248200041953 648.496386364394 774.935931855829 533.945058820184 324.248200041953 0 0 0 0 0 0 0 0 0 0 0 0 0 0 0 324.248200041953 533.934011701621 774.90547324726 848.420972755028 774.90547324726 533.934011701621 324.248200041953 0 0 0 0 324.248200041953 648.496386364394 848.420972755028 848.420972755028 848.420972755028 848.420972755028 848.420972755028 908.276851812166 1067.90116552304 1290.79678697101 1549.90230097021 1817.15827042736 2061.1781697322
848.420972755028 848.420972755028 848.420972755028 908.27035763097 1067.87906305567 1067.92325907456 908.283345946928 648.532760962467 324.266376894408 0 0 0 0 324.266376894408 424.210480819579 424.210480819579 324.266376894408 0 0 0 0 0 0 324.266376894408 424.210491466315 424.210491466315 424.210491466315 424.210491466315 424.210491466315 424.210491466315 424.210491466315 424.210491466315 424.210491466315 533.945058820184 774.935931855829 1061.24438361191 1272.63145498201 972.799150092342 648.532760962467 324.266376894408 0 0 0 0 324.266376894408 533.956105710191 424.210480819579 424.210480819579 424.210480819579 424.210480819579 424.210480819579 533.956105710191 774.96637178346 1061.2944052564 1290.83790619496 1549.96319128605 1829.98094359616
1272.63146207983 1272.63146207983 1272.63146207983 1313.29114200317 1061.34442454333 774.996822170909 533.967152371657 424.210491466315 324.284580582912 0 0 0 324.284580582912 324.284580582912 0 0 0 0 0 0 0 324.284580582912 424.210480819579 533.956105710191 774.96637178346 848.420972755028 848.420972755028 848.420972755028 848.420972755028 848.420972755028 848.420972755028 848.420972755028 848.420972755028 908.276851812166 1067.90116552304 1290.79678697101 1364.7079939626 1061.2944052564 774.96637178346 533.956105710191 424.210480819579 324.284580582912 0 0 324.284580582912 324.284580582912 0 0 0 0 0 324.284580582912 533.967152371657 774.996822170909 1061.34442454333 1364.77714685361 1676.04120281632
1696.84194393976 1696.84194393976 1621.51380624149 1297.21104457116 972.908280953913 648.605511002152 324.302741469603 0 0 0 0 0 324.302741469603 0 0 0 0 0 324.302741469603 424.210491466315 424.210491466315 533.967152371657 774.996822170909 908.283345946928 1067.92325907456 1272.63145498201 1272.63145498201 1272.63145498201 1272.63145498201 1272.63145498201 1272.63145498201 1272.63145498201 1272.63145498201 1313.2956333784 1428.35890729484 1601.8683152338 1549.96319128605 1290.83790619496 1067.92325907456 908.283345946928 648.605511002152 324.302741469603 0 0 0 0 0 0 0 0 0 0 324.302741469603 648.605511002152 972.908280953913 1297.21104457116 1601.96773313133
2121.05243477404 1945.92569389131 1621.60475041485 1297.2837954533 972.96285339942 648.641900369557 324.320957042902 0 0 0 0 324.320957042902 0 0 0 0 324.320957042902 424.210470172842 533.978198804595 775.027253879534 848.420972755028 908.289840035259 1067.94535216902 1290.87903460535 1428.37542543817 1601.90145521855 1696.84194660144 1696.84194660144 1696.84194660144 1696.84194660144 1696.84194660144 1696.84194660144 1696.84194660144 1727.55117815872 1816.56668655368 1955.94400332571 1817.21020815013 1601.90145521855 1297.2837954533 972.96285339942 648.641900369557 324.320957042902 0 0 0 0 0 0 0 0 0 0 324.320957042902 648.641900369557 908.302828072628 1067.98952852898 1290.96127699965
2270.3739423492 1946.03480945433 1621.69567556298 1297.35653877457 973.017404217379 648.67826680794 324.339129817855 0 0 0 0 0 0 0 0 0 324.339129817855 648.67826680794 908.29632910471 1067.96744057742 1272.63145498201 1313.30461608277 1428.39194339048 1601.93459451771 1816.57967473051 1955.97114422163 2121.05243264469 2121.05243264469 2121.05243264469 2121.05243264469 2121.05243264469 2121.05243264469 2121.05243264469 2145.70030587466 2218.00111467746 2270.3739423492 1946.03480945433 1621.69567556298 1297.35653877457 973.017404217379 648.67826680794 324.339129817855 0 0 0 0 0 0 0 0 0 0 324.339129817855 424.210470172842 534.000290984944 775.088137020427 1061.4944597526
