Rnew_bats/Bats_data_products/FireReturnAll.asc
NCOLS 434 
NROWS 250 
XLLCORNER -121.69454516 
YLLCORNER 39.36708274 
CELLSIZE 0.00381074763999997 
NODATA_value -9999 
[rows 28 to 55 of 250, columns 126 to 188 of 434]
-9999 -9999 -9999 -9999 -9999 -9999 -9999 -9999 -9999 -9999 -9999 -9999 -9999 -9999 -9999 -9999 -9999 -9999 -9999 -9999 -9999 -9999 -9999 -9999 -9999 -9999 -9999 -9999 -9999 -9999 -9999 -9999 -9999 -9999 -9999 -9999 -9999 -9999 -9999 -9999 -9999 -9999 -9999 -9999 -9999 -9999 -9999 -9999 -9999 11 11 11 11 11 11 11 11.1330709071602 11.3490799353709 11.4591444327605 12.3436338636286 12.1553422077331 12.1254921294556 13.2314972780653
-9999 -9999 -9999 -9999 -9999 -9999 -9999 -9999 -9999 -9999 -9999 -9999 -9999 -9999 -9999 -9999 -9999 -9999 -9999 -9999 -9999 -9999 -9999 -9999 -9999 -9999 -9999 -9999 -9999 -9999 -9999 -9999 -9999 -9999 -9999 -9999 -9999 -9999 -9999 -9999 -9999 -9999 -9999 -9999 -9999 -9999 -9999 -9999 11 11 11 11 11 11 11 11 11 11 11 11 11 11 11.3935492826292
-9999 -9999 -9999 -9999 -9999 -9999 -9999 -9999 -9999 -9999 -9999 -9999 -9999 -9999 -9999 -9999 -9999 -9999 -9999 -9999 -9999 -9999 -9999 -9999 -9999 -9999 -9999 -9999 -9999 -9999 -9999 -9999 -9999 -9999 -9999 -9999 -9999 -9999 -9999 -9999 -9999 -9999 -9999 -9999 -9999 -9999 -9999 -9999 13.5293020190963 13.0002719710192 11.2114785612255 11.0228131937518 11 11 11 11 11 11 11 11 11 11 11.0998662837362
-9999 -9999 -9999 -9999 -9999 -9999 -9999 -9999 -9999 -9999 -9999 -9999 -9999 -9999 -9999 -9999 -9999 -9999 -9999 -9999 -9999 -9999 -9999 -9999 -9999 -9999 -9999 -9999 -9999 -9999 -9999 -9999 -9999 -9999 -9999 -9999 -9999 -9999 -9999 11 -9999 -9999 -9999 -9999 -9999 -9999 -9999 -9999 13.5293020190963 14.0583320671734 15.8326531363178 12.1513683458646 11 12.4132822838535 15.5539408561701 11.887146062834 11 11 11 11 11 11 11
-9999 -9999 -9999 -9999 -9999 -9999 -9999 -9999 -9999 -9999 -9999 -9999 -9999 -9999 -9999 -9999 -9999 -9999 -9999 -9999 -9999 -9999 -9999 -9999 -9999 -9999 -9999 -9999 -9999 -9999 -9999 -9999 -9999 -9999 -9999 -9999 -9999 11 11 11 11 11 -9999 -9999 -9999 -9999 -9999 -9999 11 11 11.0028328655393 11.0119379107877 11 11.0483808012744 11.2230627558654 11.0541350497519 11 11 11 11 11 11 11
-9999 -9999 -9999 -9999 -9999 -9999 -9999 -9999 -9999 -9999 -9999 -9999 -9999 -9999 -9999 -9999 -9999 -9999 -9999 -9999 -9999 -9999 -9999 -9999 -9999 -9999 -9999 -9999 -9999 -9999 -9999 -9999 -9999 -9999 -9999 -9999 -9999 11 11 11.6679998846222 11.5068934511857 11 -9999 -9999 -9999 -9999 -9999 -9999 11 11 11.2522134682772 15.040214277239 13.0901769834527 11 11 11 11 11 11 11 11 11 11.7447704850109
-9999 -9999 -9999 -9999 -9999 -9999 -9999 -9999 -9999 -9999 -9999 -9999 -9999 -9999 -9999 -9999 -9999 -9999 -9999 -9999 -9999 -9999 -9999 -9999 -9999 -9999 -9999 -9999 16 16 16 -9999 -9999 -9999 -9999 -9999 -9999 11 11 13.8321535667983 14.3819850610926 11 -9999 -9999 -9999 -9999 -9999 -9999 11.8780091785841 12.7560183571683 11.3847379408225 15.1689544561244 15.9141110019333 14.0709840513672 11 11 11 11 11 11 11 11 12.0364908755915
-9999 -9999 -9999 -9999 -9999 -9999 -9999 -9999 -9999 -9999 -9999 -9999 -9999 -9999 -9999 -9999 -9999 -9999 -9999 -9999 -9999 -9999 -9999 -9999 -9999 -9999 -9999 16 16 16 16 16 -9999 -9999 -9999 -9999 -9999 15.2224605151179 12.1568477764784 11.9116120426776 12.6341871832491 14.3170935916245 -9999 -9999 -9999 -9999 -9999 -9999 15.1879729339413 16 15.5171960372096 11.7889133724307 11.1815474871337 12.9572937722117 14.9982315596587 11.4515174871723 11 11 11 11 11 11 12.149651905408
-9999 -9999 -9999 -9999 -9999 29 -9999 -9999 -9999 -9999 -9999 -9999 -9999 -9999 -9999 -9999 -9999 -9999 -9999 -9999 -9999 -9999 -9999 -9999 -9999 -9999 -9999 16 16 16 16 16 -9999 -9999 -9999 -9999 14.1314469455899 15.1884907095868 15.9818959635775 16 16 14.3170935916245 -9999 -9999 -9999 -9999 -9999 -9999 15.1879729339413 14.3759458678826 15.4159821137366 11.6094248094758 14.0572588490843 15.8178347265238 15.9369006636486 15.5614589728415 15.4393384612463 13.4118556417313 11 11 11 12.969046479894 15.1939352881472
-9999 -9999 -9999 13.0556566429415 17.5202464339461 27.4176804897502 20.6848819378213 13.9951695543545 11.8115399178819 15.6182507512042 -9999 -9999 -9999 -9999 -9999 -9999 -9999 -9999 12.0175378883508 13.789399912276 16 16 16 12.9828349223396 11.7394296857472 11.5258115047261 15.3325459103225 14.8562700535204 14.2594985380423 14.340803357727 14.4222717315304 -9999 -9999 -9999 -9999 -9999 13.6000318976443 12.206718197544 16 16 -9999 -9999 11.349359664262 15.1563316911539 -9999 -9999 -9999 -9999 11.7782772939279 12.5565545878558 11.756698113695 15.3645663912539 15.9133915402242 16 16 16 16 15.6797303156769 15.2302070814172 15.1439952347387 15.05761980585 15.4997724087576 16
-9999 -9999 -9999 13.0556566429415 12.8916277650701 15.9104016942823 16.1966232417997 15.3145590197847 14.606356621366 15.900178083503 16 -9999 -9999 -9999 -9999 -9999 -9999 15.8244742984002 12.0175378883508 13.789399912276 16 16 16 12.9828349223396 11.7394296857472 13.0859725111604 13.9919721443616 13.2867606658363 12.7032469301645 12.6219439614196 12.5404774422491 -9999 -9999 -9999 -9999 16 16 12.206718197544 16 -9999 -9999 -9999 11.349359664262 15.1563316911539 16 -9999 -9999 -9999 11.7782772939279 11 11.0198395517093 11.1919592724115 11.2931660995611 11.3783945334315 11.4637865400718 11.5493421204326 11.6350612754754 11.7209440061399 11.8069903133876 11.8932001982129 11.9795736615335 14.1763125368171 16
-9999 -9999 -9999 13.9533608234148 14.0070714952742 11.2838918471637 16.1966232417997 15.3145590197847 15.3388417021986 12.9336146883757 11.520565794894 11 12.2433292431379 15.9495280804377 12.1423840264929 11 11.6980240507517 13.3137269538575 11.4623786983009 12.510135566907 14.4752982360775 15.7735296299462 14.1443159405964 12.1005069635123 12.9291329036081 15.2637077018103 11.4565468955732 14.3506153251877 16 16 16 21.64255791679 17.8876022337974 12.19361851326 15.99981406659 15.1672384450946 15.5177806265127 16 16.5966841995941 26.4953506821333 -9999 -9999 11.877104286972 14.9622501701093 15.6544545033594 14.8968427277997 -9999 -9999 11 11 11 11 11 11 11 11 11 11 11 11 11 11.616745933949 12.1900037216791
15.342377591606 11.5350380776829 11 11.5789474547277 12.6520197408863 13.4417108358858 12.2208554179429 -9999 13.660841184381 14.1325443895631 11.7776334824943 11 11.5632716558866 13.1048998930024 11.4678279955045 11 11 11.1922250595646 13.0385969142863 13.3530631842375 13.4369297372182 13.4631868258526 11.3352240896442 11 13.0341475970334 15.4734853454375 13.0161881900604 14.9841836260453 16 16.8618144209872 19.7188215213615 14.2807380092279 11.6530552392805 11.983061792459 14.8027361841459 12.6826219759959 13.6359653408494 15.1088518802768 15.9818023332015 25.0890607648157 -9999 -9999 15.4329276880211 11.6255292535899 11 12.9892720101747 15.2033251548321 11.3959208472745 11 14.5593432189826 14.8166310387412 11.156892453337 11 11 11 11 11 11 11 11 11 13.2446033202194 14.7728010152961
15.8184088851239 14.8356171297955 12.1872710581038 11 11 11 12.2208554179429 -9999 13.660841184381 15.9744641811491 12.1668993242948 11 11 11 11 12.5120985869222 12.6967979581775 11.4860932295628 15.2936691365581 14.5636370185484 12.7088275732884 11 11 15.7866655075075 17.083729827501 15.6526645369128 14.3325910066752 14.3274003129308 14.4085341818174 -9999 -9999 -9999 12.7927484247912 11 11.2150751787593 15.0226751722128 13.6998383937997 11.5741840573168 11.4454838188116 15.2530895992336 16 15.8050074951677 14.9449315701328 11.4798204345456 -9999 -9999 15.112316667112 11.303782342854 11 11.0699346990239 12.2649074443615 15.6318234700818 15.5951893304035 15.5099667246526 15.4245805572329 15.3390308272156 15.2533175336284 12.8418045644579 11 11 11 11.7115182523987 13.630454470391
13.283235934217 12.3921487541991 11.424377289794 11 11 11 11 -9999 -9999 11 11 11 11.8785157534201 13.7540092084577 13.6751665839881 15.0259764198859 15.115149041946 13.4523603943141 13.6076495756073 11.9769209735557 11.8851743707363 13.1186895422111 13.0385387155229 19.1382797532827 21.6306136477087 19.9986155414967 17.2707874318702 16.8871938492221 14.5945760327302 -9999 -9999 -9999 15.4209302810619 13.8762611516256 11.322204651706 15.1300177970428 16 14.5394691363405 12.2061147441615 15.4444396735241 16 14.0230729141897 11 11 -9999 -9999 15.9341419979574 15.9822661008188 12.3401514086892 11 11.0678781247507 11.3569741912895 11.4420312943225 11.5272519543478 12.9101947260934 16 16 13.0977227147355 12.3832140274919 14.9579893350678 14.871623749294 12.4128436142392 12.9415277554292
11 11 11 11 11 11 11 -9999 -9999 11 11 11 11.7288913605106 13.5338239162309 15.6143953906686 14.4252232913284 14.455194935406 15.6396405264802 13.5881969777971 13.2412149267807 14.3633203974939 16 16 12.4588689197486 16.3439722298768 22.6646106481762 22.9555018162181 23.2469816893255 18.8639941753074 -9999 -9999 -9999 29 23.1633171927775 11.429325618094 15.2373518984193 16 15.7110906281733 15.3033654891678 15.3862945417493 15.8172044019551 14.1010560501105 11.2988959329102 11.0167307092699 14.3716492396627 13.6218479422513 11 11.0556145193157 11.0352327643213 11 11 11 11 13.4679932719604 15.5568151221981 16 16 15.4532155542143 15.3689079015161 16 16 12.7534493293082 13.0546169626131
11 11 11 11 11 11 11 11 -9999 -9999 -9999 -9999 11 11.563739698305 15.3719493885009 12.819839535166 12.0170903106411 14.0134030291397 15.8195065380627 16 15.0563714587088 14.3767443729028 15.936240344559 13.7276310550044 11.9181402448195 11 11.0834234958784 15.3588681653226 16.3267703577271 -9999 -9999 -9999 24.847364257879 20.2542006791821 11.4302818641232 14.5563952884611 15.1752550706129 13.5877875888573 11.1014661579151 11.5277609440528 14.5451641548224 16 15.0631007747127 11.4232582795173 11.1593652119868 11.0388277927403 11 11 11 11 11 11 11 11.3481709223794 11.6870782740721 11.7726221401316 11.8583295586271 14.4801419936157 16 16 16 15.1337271214982 13.6494021837985
-9999 -9999 11 11 11 11 11 11 -9999 -9999 -9999 -9999 13.5820411708793 13.9563554919858 15.7440421385795 12.7167842813506 11 11.4813959321135 13.5931672317517 13.8333652380083 12.5583449555013 12.1337899359845 15.9422238810457 14.6149711919879 12.5788215548751 11 11.4302171269144 20.9732805943218 24.613093750625 21.9952205312762 14.4154791442629 11.5944823091906 11 11 11.4411978324036 13.788471710782 11.9863068704602 11.2916685902434 12.3903201452462 15.7197002907794 16 16 16 16 16 13.4827871245267 12.3327322782264 15.7203669453118 11.9934632227077 11 11 11 11 11 11 11 11 11.6356305589126 13.6772858862504 16 16 16 15.3553552473188
-9999 11 11 11 11 11 11 -9999 -9999 11 -9999 -9999 16 15.5993862803184 13.6874110810607 11.8239835724475 11 11 11 12.5419939550048 12.0536725796377 11.7504108828019 14.0815078228134 11.7304554383523 11 11.4854025503837 12.4790008121978 11.2704883316192 13.8986742273952 15.9200091080144 15.1391721650814 12.568385809117 12.078972014346 11.6097887529199 13.2078159603904 24.680136438605 15.9937505764716 13.1766385733282 16 16 15.6982016733122 15.8262455407582 16 16 16 16 15.9410775922588 15.7365961382015 11.927911501388 11 11 11 11 11 11 11 11 11 11.4770015543316 12.1908671043886 12.2772247881951 14.971031035516 16
-9999 11 11 11 11 11 11 -9999 -9999 11 11 11 -9999 15.1283974628228 11.3195485936341 11 11 11 11 13.166263269926 12.4738236497622 11 11 11 14.3720006764944 17.8681105709837 19.2833332399338 12.4104524553619 14.004482783549 20.7147172721534 27.7721314003544 20.0678265566182 16.9533781073177 14.344432445709 12.2691030988454 13.72550038581 11.782577978924 12.9963694291428 15.4523960552901 15.5353175121582 12.4738304779716 13.5175299955169 15.7850630436343 15.872255901525 15.9899667117 16 16 15.6267392321429 11.817841512144 11 11 11 11 11 11 11 11 11 11 11 11 12.0361427417854 14.2486588739264
-9999 -9999 11 11 11 11 11 11 11 11 11 11 -9999 11 11 12.7044601828706 12.1918232157887 11 11 11 12.0418424776458 12.3466518918213 11.3342641078274 16.0764261497868 23.8781930480049 29 27.2283640102145 13.5156752973884 14.1102829322241 20.9903515714456 29 29 22.0467186919165 17.3643810231067 18.0868698186815 26.5301581266647 16.0875624103545 11.3093486291069 11 11.0102758819916 14.819374866766 13.3715246832856 11 11.2420377964341 15.0473747111882 16 16 15.5168910546234 11.7077802683352 11 12.7211250668461 14.7835911400062 11.4085971829043 11 11 11.7798331076378 14.8052349327532 14.9069042615247 12.9995341027416 11 11 11 11.7990070553484
-9999 -9999 -9999 16 12.1459716225399 13.7418556195573 11.3575660034315 11 11 11 11 11 11 -9999 11 12.9695885707029 12.3695119768714 11 11.0516689151853 12.586705488606 13.5543829913506 13.1675639875458 11.8360292532182 20.9153696715658 23.1797022084272 24.0193414967693 23.5173530538014 12.7116329227946 13.3842341223613 18.7775520031526 25.1188296724353 26.1981277989288 28.2221258412683 23.1173193869307 16 16 15.5287872471715 13.2222727998371 11 11.1184109793865 14.9277230037927 13.262963505417 11.043427585269 11.0568477875292 11.0223971825196 14.0191890023869 16 15.4070516061154 11.5977277704355 13.9238277501669 15.6825896151141 15.8974450387799 15.3479935214903 12.3066773832413 12.8638511004443 15.2459444862544 15.9742887601405 16 15.3928964006958 13.7324725252853 11 11 11
-9999 -9999 11.6246462244963 16 14.8038419541327 13.0830095860745 13.9048366546201 11.9813714276914 11 11 11 11 11 -9999 -9999 11 11 11.6064170971655 13.1931738351172 15.4179751949577 13.1541633831189 11.6026579910953 12.5784331088208 11.2409088571785 11.9741544084014 13.2570507794899 14.2777834564958 12.5639206155654 11.4215374713116 11 11.7351566057484 14.7892599947253 -9999 -9999 16 16 12.2020288820583 11 11.1235070800745 11.5634339360525 15.0880776596782 13.1544109556391 12.6551170295853 16 15.9358533123891 12.9508559507048 13.0374617850522 15.9555382863662 15.6383692710188 15.837130544422 16 15.1823004047528 11.9524975056863 11.2376265301946 11.4314859837549 12.9402404973607 15.9911170809971 16 16 15.6202234312903 14.5738807304249 14.4873674381283 12.4650243537044
-9999 15.4343305895553 11.6246462244963 12.1482027810606 13.3746285898984 13.868253724188 13.1064033728281 11.6658644336023 11 11 11 11 11 11 -9999 -9999 11 11.6064170971655 15.866318730533 14.3912647289417 13.3853665218962 13.2876721065554 13.9216619053452 11.4194416786681 14.1887589020389 16.1045201342324 15.7522232709317 14.775026902277 12.1891270104473 11 11 11 -9999 -9999 17.4070334728698 15.9488222621942 13.6800928571397 12.732598050439 13.8380714403643 16.7445464218721 15.9107148214715 12.9847795474688 12.7638739590596 16 16 15.8816611208057 15.8385363860909 16 16 16 16 14.9483904009001 11.1386345328923 11 11 11.2667102871289 12.1968749442973 15.1727728937834 16 14.8915809561868 12.7034650928317 15.4129494373595 15.031495484235
16 15.7755379044676 14.4220807488155 12.083632043416 11.803379731113 12.6332822769836 11.118020820796 11 11 11 11 11 11 11 11 11 -9999 -9999 -9999 11 12.9388397483094 13.0411424446846 11 11 13.3023768517523 18.487216903408 21.7585339836085 11.7441554012779 11 11 11 11 13.323533486143 21.6448989143342 25.1855280122285 15.879174187359 25.2308048884409 28.4973448819706 29 27.4060470657946 13.6902233149551 11.0686185178035 12.8905243685335 16 16 16 14.0170924948777 11.3908433228406 11.4752268534607 11.5597739000448 13.6935868272391 14.837725140107 11.0277562684696 11 11 11 11.2121342915339 15.0221107142237 13.9201456374628 11.9497829418588 11.1356675076592 12.3528481534961 12.6737658911867
14.6884260010504 12.7232931543014 12.8001541702413 11.6059846153842 11 11 11 11 11 11 11 11 11 11 11 11 -9999 -9999 -9999 11 11 11 11 11 11 11 11 11 11 11 11.8899093459006 14.3995428716859 23.3418897865235 26.7461451915494 22.6057457912133 11.8109995190168 14.8032406560113 22.83128235977 28.1576754877105 26.4591779338239 13.2478003899439 14.1237853051861 15.994777673111 16 16 16 15.8471734016042 15.5718945778616 15.487512990826 15.4029678915849 24.5872804626892 27.9806933903234 11 11 13.1507760957445 14.892263486342 14.6373172292099 12.7021150232503 13.7016305327134 13.3033973522657 11 11 -9999
13.944626413174 11.5608591758823 13.9575790854233 11.9340699868847 11 11 11 11 12.3694510742127 13.6199053625767 13.5417383597069 13.4634078829831 13.3849139314985 12.5730220312973 11 11 14.0206870326295 16 17.6675782047086 27.5744796565452 -9999 -9999 11 11 11 11 11 11 11 12.8867156695839 18.3866552950908 28.3664199692801 14.6491049143363 14.8129559027983 17.6033838306402 17.0166800505424 13.329610355386 15.1436846917967 16.469807376988 15.3410424573704 11.5306654883191 11 13.1168202486438 15.1228456610344 11.4900256106057 11.2971016498742 13.5350396781999 16 16 16 15.3509392855289 14.0234177850838 11.1594890049 14.224238027783 15.5369661131026 16 15.5644317752493 11.7540293835478 14.0563745295053 14.1332200332681 11 11 -9999
15.2580656117446 13.9308366529036 12.930811400685 11.5516930486585 11 11 11 11 12.2349717162046 14.1663855885152 16 16 14.6470143175414 12.8067640232729 11 11 12.8543455682795 14.0473325132917 16.3428767656359 27.6849945779973 -9999 -9999 11 11 11 11 11 11 11 19.212891547007 26.375489660301 25.2272096574662 14.388416319754 21.7300717758051 29 29 29 29 24.1669550558653 15.5994423822214 11.4406923699575 11 13.1988152129583 15.96633365999 15.7585310096636 12.2778193152418 13.4412014657742 16 15.9449228472777 12.6471823110793 11.3503592596309 12.2428515256351 14.8819396884874 12.5380776812106 14.3809534024892 16 15.4527281343759 11.6421127835205 11.9123934762468 11.9219489533488 11 11 17.3338309474208
