Rnew_bats/Bats_data_products/fire_edge.asc
NCOLS 434 
NROWS 250 
XLLCORNER -121.69454516 
YLLCORNER 39.36708274 
CELLSIZE 0.00381074763999997 
NODATA_value -9999 
[rows 100 to 124 of 250, columns 171 to 227 of 434]
3676.93424336426 3994.10921386418 4312.48676297048 4631.81890906074 4951.92098041892 5272.65275347375 5593.90591321773 5915.595517532 6237.65403942442 6560.02714488436 6882.67062977175 7205.54817329461 7528.62965994187 7851.88991446627 -9999 -9999 -9999 -9999 -9999 -9999 -9999 -9999 -9999 -9999 -9999 -9999 -9999 -9999 -9999 -9999 -9999 -9999 -9999 -9999 11195.4240572094 -9999 -9999 -9999 -9999 -9999 -9999 -9999 -9999 -9999 -9999 -9999 -9999 -9999 10019.3135987687 9950.35285188608 9669.48867193712 9352.37388324912 9035.84176148165 8719.95576004132 8404.78873090698 8090.42470090433 7776.96104625631
3797.41107883039 4105.30502746325 4415.68910627962 4728.07293418492 5042.08483692784 5357.43854379873 5673.91033230522 5991.32302442774 6309.53462088951 6628.43006289191 6947.91518910813 7267.91223492605 7588.35643687039 7909.19344577139 8230.37732198489 8509.14340895985 8540.20813134326 8583.50986776248 8638.86460757733 -9999 -9999 -9999 -9999 -9999 -9999 -9999 -9999 -9999 -9999 -9999 -9999 -9999 -9999 -9999 10844.4272668793 11033.2666105623 -9999 -9999 -9999 -9999 -9999 -9999 -9999 10116.9724498055 9995.8265012355 -9999 -9999 -9999 9606.71534256363 9534.76690458972 9473.46066972486 9265.63142250947 8946.01255765233 8626.81983892341 8308.10238357571 7989.91706677227 7672.33009414472
3959.88956804096 4256.06148289721 4556.20319226989 4859.57919444736 5165.61967135892 5473.877733859 5783.99883662008 6095.69863382103 6408.74678184722 6722.95493132872 7038.16772274479 7354.25597483626 7671.1114690306 7988.64291156116 8066.56807332367 8086.24252609397 8118.92733256312 8164.46624182293 8222.64568925271 -9999 8375.81540876616 -9999 -9999 -9999 -9999 -9999 -9999 -9999 -9999 -9999 -9999 -9999 10129.0684032535 10310.4739103925 10498.8377760162 10693.7923058468 -9999 -9999 -9999 -9999 -9999 -9999 -9999 -9999 -9999 -9999 -9999 -9999 9195.17392077158 9119.97516659098 9055.85773567002 8956.44335323103 8819.37801383263 8553.73143631154 8232.16652455195 7910.90933543244 7589.99894371226
4159.45055530579 4442.3527934954 4730.7054208658 5023.56996878497 5320.20137664428 5620.00321523323 5922.49403489449 6227.28199469478 6534.04564309365 6842.51926327235 7152.48161352052 7463.74721964565 7635.78876273241 7635.78876273241 7642.72258389196 7663.48640511356 7697.96831638164 7745.98511705331 7807.28708336927 7881.56422805775 7968.45371965251 8067.54805380365 8178.40359970692 8300.54914970524 8433.49416538363 -9999 -9999 -9999 -9999 -9999 -9999 -9999 9776.57931886707 9964.41443401449 -9999 -9999 -9999 -9999 -9999 -9999 -9999 -9999 -9999 -9999 -9999 -9999 -9999 -9999 8784.83786007345 8706.09115527769 8638.89869557116 8575.84281559835 8433.49416538363 8300.54914970524 8177.55923430638 7854.05036857489 7530.69902129948
4391.04104781401 4659.91913789731 4935.59206669215 5216.98279867073 5503.21431343553 5793.56917890014 6087.45740414879 6384.39106105589 6683.96428475102 6985.83750709385 7211.57827679928 7211.57827679928 7211.57827679928 7211.57827679928 7218.91997423389 7240.90040455633 7277.38692444604 7328.16286213366 7392.93379831524 7471.33576206196 7562.94484235516 7667.28765646498 7783.85213303966 7912.09812624529 8051.46745538236 -9999 -9999 8530.64795717155 8708.86563874402 -9999 9063.3367841957 9242.75559155924 9429.99939705343 9624.61151143852 -9999 -9999 10129.4044638557 9955.30455102324 -9999 -9999 -9999 -9999 -9999 -9999 -9999 -9999 -9999 -9999 8375.88431673144 8293.25077697267 8222.6815016266 8164.48932453242 8051.46745538236 7912.09812624529 7783.85213303966 7667.28765646498 7494.97701452076
4649.8777494146 4904.60023013685 5167.25007507229 5436.67847291693 5711.92628467729 5992.19162604514 6276.80242236851 6565.19355169528 6795.16826597534 6787.36778920803 6787.36778920803 6787.36778920803 6787.36778920803 6787.36778920803 6795.16826597534 6818.51615140084 6857.25263913032 6911.11897633822 6979.76487810104 7062.75941086219 7159.60360114673 7269.74397456235 7392.58626349126 7527.50864301943 7673.87395957966 7831.04062103721 7998.37191761175 8175.24372332486 8361.05059126067 8530.78326908933 8709.01779292681 8895.59615013979 9090.00456861238 9291.75158210373 9500.36968008661 9715.41624790292 9776.92749181624 9596.42488616668 -9999 -9999 -9999 -9999 -9999 -9999 -9999 -9999 -9999 -9999 7968.52614971693 7881.61802839058 7807.32479984462 7746.00944681444 7667.33681535062 7527.50864301943 7392.58626349126 7269.74397456235 7159.60360114673
4904.77318514766 5167.44273930104 5422.24922583011 5679.60783483219 5943.63062406524 6213.46812741878 6437.65299904886 6396.37361509775 6371.47761447095 6363.15730182156 6363.15730182156 6363.15730182156 6363.15730182156 6363.15730182156 6371.47761447095 6396.37361509775 6437.65299904886 6495.003397909 6568.00383867714 6656.1394206926 6758.81807939425 6875.38827611777 7005.15655377745 7147.40407509367 7301.40150606659 7466.42184329317 7641.75101692803 7826.69625779004 7998.49635233548 8175.38491537579 8361.20907269061 8555.38659601648 8757.36184437266 8966.60789418982 9182.6277170868 9404.95456845725 9423.8535560569 9243.08181684745 -9999 -9999 -9999 -9999 -9999 -9999 -9999 -9999 -9999 -9999 7563.02115353538 7471.39251517614 7392.97362868155 7328.18857845782 7269.79582042385 7147.40407509367 7005.15655377745 6875.38827611777 6758.81807939425
5172.71360880496 5343.68216326643 5509.62734121688 5689.37048823265 5881.64674203452 6080.00673154927 6018.6998276644 5974.52403310418 5947.86107170784 5938.94681564807 5938.94681564807 5938.94681564807 5938.94681564807 5938.94681564807 5947.86107170784 5974.52403310418 6018.6998276644 6080.00673154927 6157.93310946732 6251.85752851487 6361.07137244261 6484.80219525458 6622.23633660587 6772.53960732033 6934.87529832625 7108.41910227329 7292.37087041583 7466.53542379149 7641.88125801009 7826.84373744892 8020.75759581805 8222.98958705927 8432.94129452504 8650.05062331876 8873.79222687582 9103.67711149402 9063.77537207306 8892.60605579527 -9999 -9999 -9999 -9999 -9999 7831.25720333812 7674.05967663724 7527.66511257349 7392.71531762652 7269.84766591561 7159.68421132123 7062.81944708103 6979.80706557385 6911.14624447911 6857.26809804336 6758.86077460381 6622.23633660587 6484.80219525458 6361.07137244261
4815.28990362303 4977.57680643497 5155.32980576912 5347.00668228519 5551.16528673829 5666.37482200828 5600.53820054263 5553.03416949003 5524.33568074935 5514.73632887443 5514.73632887443 5514.73632887443 5514.73632887443 5514.73632887443 5524.33568074935 5553.03416949003 5600.53820054263 5666.37482200828 5749.91434621803 5850.39846336024 5966.97119453321 6098.71003780345 6244.65522561544 6403.83552815726 6575.28979476176 6758.08391120557 6934.97805062938 7108.53840041142 7292.50734818193 7486.11756860914 7688.64075639058 7899.3914122885 8117.7287630665 8343.05719819471 8574.82560389187 8812.52588190428 8709.47421774654 8531.18917396592 8361.52601627628 8175.66728498103 7998.74520863513 7826.9912108667 7642.01149391746 7466.6490013523 7301.59669515528 7147.56886563086 7005.29274464422 6875.49791486234 6758.90347021188 6656.2031237778 6568.04867094679 6495.03241372583 6437.66946625673 6361.11673657975 6244.65522561544 6098.71003780345 5966.97119453321
4446.14094899548 4621.41879948259 4812.35559911252 5017.16388204747 5234.21557823058 5254.42998573288 5183.35969516842 5131.99265643254 5100.92414873664 5090.52584190118 5090.52584190118 5090.52584190118 5090.52584190118 5090.52584190118 5100.92414873664 5131.99265643254 5183.35969516842 5254.42998573288 5344.41754122881 5452.38579550495 5577.29060665914 5718.02219249477 5873.44300273147 6042.4196514481 6223.84811862305 6403.92748816255 6575.39816554196 6758.20939223963 6951.46651669929 7154.32307388494 7365.98601302206 7585.71819996247 7812.83883365477 8046.72231534778 8286.79604900835 8532.53753794347 8361.6844778926 8175.80846032618 7998.86962908219 7827.13867573564 7642.14172287742 7466.76257113671 7292.6438221553 7108.65769527678 6935.0808014101 6772.71351488787 6622.38039959382 6484.91843613929 6361.16210039338 6251.92535024917 6157.98092646256 6080.03772711512 6018.71743962687 5967.01955405133 5850.43470130208 5718.02219249477 5577.29060665914
4087.6926102192 4277.69349459609 4483.30419202936 4702.47758250985 4933.40637167737 4844.60260302011 4767.42240765761 4711.51969482941 4677.65739437967 4666.31535447723 4666.31535447723 4666.31535447723 4666.31535447723 4666.31535447723 4677.65739437967 4711.51969482941 4767.42240765761 4844.60260302011 4942.06351591677 5058.63307840055 5193.02463539545 5343.89376061616 5509.88707604327 5689.68101623515 5873.52421692431 6042.51711177876 6223.96260648127 6416.80443779259 6620.04675454917 6832.76152330384 7054.09187678351 7283.25239982648 7519.52724466947 7762.26678157832 8010.88336741836 8223.53957439151 8021.25317278513 7827.28613609533 7642.27194725428 7466.87613858889 7292.7802886203 7108.7769843282 6935.18354545857 6758.33486893906 6575.50653247552 6404.01944543681 6244.80799622357 6098.83363520242 5967.06791242061 5850.47093824747 5749.96555474632 5666.4080793663 5600.55712748956 5553.04265334507 5452.42467789286 5343.89376061616 5193.02463539545
3743.02036882246 3949.6481615401 4171.4716336799 4406.19636977251 4543.68724723136 4437.47939364304 4353.08214372081 4291.78239576637 4254.57863066914 4242.10486856805 4242.10486856805 4242.10486856805 4242.10486856805 4242.10486856805 4254.57863066914 4291.78239576637 4353.08214372081 4437.47939364304 4543.68724723136 4670.21792193598 4815.46968292144 4977.80396355321 5155.60738630664 5343.96428726018 5509.97364722625 5689.78451704051 5882.13133825124 6085.82560159638 6299.76669207131 6522.94645477002 6754.44916142192 6993.44832194987 7239.20149830132 7491.04399485297 7748.38208008347 7899.96392135096 7689.15773230988 7486.58009731591 7292.91675067384 7108.89626947196 6935.28628668247 6758.46033996757 6575.61489487578 6404.11139927492 6224.07709150791 6042.61456754777 5873.60542768739 5718.15401685202 5577.39408202053 5452.46356000349 5344.47263506032 5254.46584957475 5183.38014542918 5132.0018363229 5058.67498728194 4942.09330469133 4815.46968292144
3416.2964087979 3641.52284423425 3881.01066275961 4132.28103454756 4150.43430031946 4033.879203786 3940.84267127559 3873.01994371693 3831.75012277733 3817.89438248927 3817.89438248927 3817.89438248927 3817.89438248927 3817.89438248927 3831.75012277733 3873.01994371693 3940.84267127559 4033.879203786 4150.43430031946 4288.59083077709 4446.33565213492 4621.66345806945 4812.65295867663 4977.87967605499 5155.69990545135 5347.44721461991 5551.67872365546 5767.06826156049 5992.41276455726 6226.63150416158 6468.76060441433 6717.94480072747 6973.4278266389 7234.54239481665 7491.29869051279 7586.31437357934 7366.52562644424 7154.8070454446 6951.89599752096 6758.58580666199 6575.72325342981 6404.20335038225 6224.19157007499 6042.71201875533 5873.68663425191 5689.88801437561 5510.06021540973 5344.03481128316 5193.13576654807 5058.71689403052 4942.12309511409 4844.641502591 4767.44464210811 4711.52969492296 4670.26331531706 4543.71964876801 4437.50062689457
3113.17681175747 3358.8042066681 3617.07353691198 3885.46466538881 3763.91086797732 3634.9757291152 3531.43977073187 3455.58676931458 3409.26498908596 3393.68389527975 3393.68389527975 3393.68389527975 3393.68389527975 3393.68389527975 3409.26498908596 3455.58676931458 3531.43977073187 3634.9757291152 3763.91086797732 3915.73699974732 4087.90438374783 4277.95780893862 4446.40054722374 4621.74500479626 4812.75206975636 5017.63336731262 5234.76009546273 5462.67227888987 5700.07632612324 5945.83537604759 6198.95580153042 6458.57215213868 6718.16919714765 6973.67186778496 7234.80611666953 7283.87332238495 7054.65534010115 6833.26826445236 6620.49773096148 6417.20087384215 6224.30604581094 6042.80946839132 5873.76784046264 5689.99150665315 5510.14678059383 5344.10533353034 5155.79242118383 4977.95538559064 4815.58952424267 4670.30870728987 4543.75204907962 4437.5218600445 4353.1064934681 4291.79337281645 4254.58139813508 4150.46977078245 4033.90256034832
2841.22643136605 3108.43237359113 3385.86875555829 3554.41841177534 3386.42203787154 3242.50285043796 3125.98813210531 3040.03049615351 2987.26891963601 2969.47340721816 2969.47340721816 2969.47340721816 2969.47340721816 2969.47340721816 2987.26891963601 3040.03049615351 3125.98813210531 3242.50285043796 3386.42203787154 3554.41841177534 3743.25163731923 3915.79113822102 4087.97496880339 4278.04590410803 4483.72975285723 4702.9784763699 4933.98408007792 5175.17241860113 5425.18557441577 5682.85894362739 5946.02948872293 6199.16953442869 6458.80555777324 6724.18512421624 6994.65452903369 6994.09496570079 6755.03761242556 6523.47725534324 6300.24058797619 6086.24358977104 5882.49472869658 5690.09499387339 5510.23334113941 5344.17585231154 5155.8849326283 4978.03109216028 4812.85117691826 4621.82654812988 4446.46544136544 4288.6896935773 4150.50524094231 4033.92591677541 3940.86956930443 3873.03210880077 3831.75319680786 3763.94997973562 3635.00164757444
2610.20583149187 2898.80095959644 3194.51131216801 3208.5344494514 3021.35606888244 2859.1100009305 2726.25124231795 2627.24189987602 2566.00321643941 2545.26292085617 2545.26292085617 2545.26292085617 2545.26292085617 2545.26292085617 2566.00321643941 2627.24189987602 2726.25124231795 2859.1100009305 3021.35606888244 3208.5344494514 3386.465510748 3554.47805351826 3743.32872002341 3950.0298337782 4171.9289979311 4406.7309345974 4652.48251920036 4907.53907035525 5170.52375906804 5425.36900649422 5683.06203464964 5947.41970628076 6217.59198432825 6492.8530573923 6772.5824761085 6718.61795137051 6469.37503246818 6227.18755372754 5992.91095731104 5767.50934478129 5552.06373703489 5347.77756155239 5155.97743890901 4978.10679576406 4812.95027734738 4621.90808513892 4446.53032948141 4278.13399640768 4088.04554932582 3915.84527363947 3763.98909108751 3635.02756709136 3531.46978448937 3455.60040131489 3409.26844273331 3386.465510748 3242.53190743614
2431.80804628531 2739.27933017009 3021.40479145178 2859.1429542893 2673.80624595388 2488.99664902205 2335.16571948464 2218.76624696609 2145.89805934972 2121.05243264469 2121.05243264469 2121.05243264469 2121.05243264469 2121.05243264469 2145.89805934972 2218.76624696609 2335.16571948464 2488.99664902205 2673.80624595388 2859.1429542893 3021.40479145178 3208.6005177058 3416.63424166883 3641.93680295253 3881.50224454001 4132.85102043543 4393.96146001752 4652.63566230578 4907.71185093563 5170.71622357855 5440.49910723542 5716.10080670629 5996.71909835062 6281.68170656667 6570.42341069596 6459.27232556031 6199.59696209253 5946.41767683538 5700.60006075796 5463.13793354371 5235.16841192656 5017.98542318376 4813.04937573603 4621.98962266389 4446.59521868192 4278.22208583775 4088.11612862969 3915.89940830951 3743.40580114034 3554.53769298982 3386.50898173273 3242.56096417393 3126.02204015718 3040.04599453919 2987.27286116166 2969.47340873912 2859.1429542893
2318.21382341754 2638.97035511288 2627.25983161179 2489.03450428388 2335.18841610552 2139.06702249847 1957.92265066526 1817.51378932582 1727.80020245286 1696.84194660144 1696.84194660144 1696.84194660144 1696.84194660144 1696.84194660144 1727.80020245286 1817.51378932582 1957.92265066526 2139.06702249847 2335.18841610552 2489.03450428388 2673.86130151408 2883.7179856609 3113.54753308686 3359.25299943238 3617.60098051383 3881.62512414906 4132.99349752192 4394.12361099849 4663.37590000601 4939.42230275792 5221.185304142 5507.78764077764 5798.51177337282 6092.76770252588 6390.06753954567 6199.81065904619 5946.61175531292 5683.4681806186 5425.73583789579 5175.66393444947 4934.41728083761 4703.3540800694 4484.04887003014 4278.31017028708 4088.18670450555 3915.9535399245 3743.48287584417 3554.59732764897 3386.55244949217 3208.66658741498 3021.45351622504 2859.17590568866 2726.29012207493 2627.25983161179 2566.00780505181 2545.26292263062 2489.03450428388
2279.13346310677 2335.21110863767 2218.78747787591 2139.11106615484 1957.94971799881 1817.52674837007 1604.31678690256 1429.5797170984 1313.62767747895 1272.63146207983 1272.63146207983 1272.63146207983 1272.63146207983 1272.63146207983 1313.62767747895 1429.5797170984 1604.31678690256 1817.52674837007 1957.94971799881 2139.11106615484 2351.61447890839 2587.75010460099 2841.632626978 3108.91730358044 3359.36518119698 3617.73282128422 3886.22236828401 4162.87581494854 4446.16947299602 4734.91162704527 5028.16372441354 5325.18074272958 5625.36635389796 5928.23923982751 6218.31926565795 5948.08795711665 5683.6712355679 5425.91923722113 5171.10111451474 4908.05738188621 4652.94192174734 4407.13178235844 4172.27195899027 3950.3160400328 3743.55994775467 3554.65696130765 3386.59591669368 3208.73265013353 3021.50223423346 2859.20885670826 2673.9163559407 2489.07235534096 2335.21110863767 2218.78747787591 2145.90354838307 2121.05243264469 2121.05243264469
2130.02258148098 1957.97678726489 1817.53970732191 1727.80702234685 1604.34982000821 1429.59619586196 1293.8750569893 1069.55553037359 908.763375606371 848.420972755028 848.420972755028 848.420972755028 848.420972755028 848.420972755028 908.763375606371 1069.55553037359 1293.8750569893 1429.59619586196 1604.34982000821 1821.04602426408 2066.53239408594 2331.73344344331 2587.83201999836 2841.73416005425 3109.03851953831 3386.57304223679 3672.01884586862 3963.6670928893 4260.24414965405 4560.78859244721 4864.56513196231 5171.00417891729 5479.65906428284 5790.17544283969 5997.47315325647 5716.79608757255 5441.13545693697 5171.29354181663 4908.23013133835 4653.09504002651 4394.44788370537 4133.27842384855 3881.87086122672 3642.24721538535 3416.88757490532 3208.79871008446 3021.55095444588 2859.24180576852 2673.97140585572 2489.11020400796 2335.2338009493 2139.15511101571 1957.97678726489 1817.53970732191 1727.80702234685 1696.84194926312 1696.84194926312
1821.09775934536 1604.38285243373 1429.61267443557 1313.63664416026 1272.63146207983 1069.57755597076 908.769856324683 777.244486985164 534.783279589878 424.210491466315 424.210491466315 424.210491466315 424.210491466315 424.210491466315 534.783279589878 777.244486985164 908.769856324683 1069.57755597076 1293.91601555963 1554.51926856398 1821.09775934536 2066.6036278483 2331.82435448493 2610.75848150184 2899.4509211097 3195.25777175366 3496.37377168417 3801.53753596475 4109.8475022611 4420.64543760598 4733.44128576123 5047.86365679631 5363.62650604504 5680.50630196665 5799.29159251684 5508.50920666873 5221.84837320713 4940.02664583741 4663.92132661715 4394.61000543344 4133.42087527596 3881.99372102361 3617.99647842542 3359.58952676671 3113.82552046143 2883.93850026884 2674.02645801545 2489.14805391392 2335.25649497446 2139.19914863587 1958.00384923673 1817.55266866628 1604.38285243373 1429.61267443557 1313.63664416026 1272.63146207983 1272.63146207983
1554.57987345155 1293.95697283346 1069.59958111437 908.77633699678 848.420972755028 777.274790019251 534.79429227487 424.210491466315 325.644751901618 0 0 0 0 0 325.644751901618 424.210491466315 534.79429227487 777.274790019251 1065.08593663347 1293.95697283346 1554.57987345155 1836.08961438281 2130.22161226106 2432.40122180023 2739.96712298749 3051.29095879151 3365.32995869664 3681.38934200129 3998.99009406651 4317.79209484648 4637.54761700008 4958.07218148147 5279.22571185561 5600.90001591934 5626.17016399772 5325.92704009316 5028.85223681969 4735.54206192049 4446.74153560564 4163.38921884234 3886.67687867993 3618.12829729458 3359.70169057302 3109.28092275145 2841.93720896754 2587.9958360341 2351.80226162233 2139.24318957197 1958.03091544782 1817.56562494842 1604.41587854914 1429.6291433417 1293.95697283346 1069.59958111437 908.77633699678 848.420972755028 848.420972755028
1272.63145498201 1065.13568458247 777.305086061578 534.80528784299 424.210491466315 424.210491466315 325.662823068609 0 0 0 0 0 0 0 0 0 325.662823068609 534.80528784299 777.305086061578 1065.13568458247 1370.01795117755 1682.7087325756 1999.54807079154 2318.83604762185 2639.68427759455 2961.58570099033 3284.23064921497 3607.41962757754 3931.01845437255 4254.93361911733 4579.09799193868 4903.46214710216 5227.98889975625 5552.64973827363 5480.4842334366 5171.7727138371 4865.2767850268 4561.44308492206 4260.84116627729 3964.20628952591 3672.49985645225 3386.99550127766 3109.40211146147 2842.03872321666 2588.0777384185 2332.00614656867 2066.74607489565 1821.20121517924 1604.44890398473 1429.6456183764 1293.99792532062 1069.62159735949 908.782812652875 777.305086061578 534.80528784299 424.210491466315 424.210491466315
848.420978078396 777.335380923139 534.816300074798 325.680907100618 0 0 0 0 0 0 0 0 0 0 0 0 0 325.680907100618 651.361814413525 977.042726773592 1302.72363052537 1628.40453697534 1954.08544309998 2279.76634772482 2605.44725210222 2931.12815394057 3256.80905611015 3582.48995673257 3908.17085462637 4233.85175117239 4559.53264543651 4885.21353863937 5210.89442828256 5536.57531658424 5364.46951338876 5048.65092796529 4734.17264210623 4421.32066544073 4110.46635421504 3802.09972039905 3496.87893790999 3195.70551632592 2899.84079195743 2611.08998284294 2332.09703923304 2066.81729692295 1821.25294585211 1554.70107032919 1294.03888000195 1069.64361737385 908.789298202331 777.335380923139 534.816300074798 424.210491466315 325.680907100618 0 0
424.210480819579 424.210480819579 325.698976261565 0 0 0 0 0 0 325.698976261565 424.210491466315 424.210491466315 424.210491466315 325.698976261565 0 0 0 325.698976261565 651.397966602423 977.096952745608 1302.79593837019 1628.49492438184 1954.19390891284 2279.89289326505 2605.59187472885 2931.29085651556 3256.98983647681 3582.68881458332 3908.38779088633 4234.08676548664 4559.78573752643 4885.48470920663 5211.18367703092 5536.88264326982 5280.08218249979 4958.87369886165 4638.29408393934 4318.4833962469 3999.6260897054 3681.96986158648 3365.85478471192 3051.75981987187 2740.3796769223 2432.75701981234 2130.52009601036 1836.33010547268 1554.76165651042 1294.07982291688 1065.23517775044 777.365680414027 534.827312079862 424.210480819579 325.698976261565 0 0 0 0
