Rnew_bats/Bats_data_products/roaddist.asc
NCOLS 434 
NROWS 250 
XLLCORNER -121.69454516 
YLLCORNER 39.36708274 
CELLSIZE 0.00381074763999997 
NODATA_value -9999 
[rows 112 to 139 of 250, columns 195 to 259 of 434]
325.481969115208 534.684163664831 776.971677430067 848.420978078396 777.001996916384 534.695178391233 424.210491466315 424.210491466315 424.210491466315 424.210491466315 325.481969115208 0 325.481969115208 424.210491466315 325.481969115208 0 0 0 0 325.481969115208 0 0 0 0 325.481969115208 650.963910689889 776.971677430067 534.684163664831 424.210491466315 534.684163664831 776.971677430067 1064.588210496 1272.63146207983 1272.63146207983 -9999 -9999 -9999 -9999 -9999 -9999 -9999 -9999 -9999 -9999 -9999 -9999 -9999 -9999 -9999 -9999 -9999 848.420972755028 776.971677430067 534.684163664831 424.210491466315 424.210491466315 325.481969115208 0 0 325.481969115208 424.210491466315 424.210491466315 534.684163664831 534.695178391233 424.210491466315
325.500035444158 424.210491466315 534.706184444122 424.210491466315 424.210491466315 325.500035444158 0 0 325.500035444158 0 325.500035444158 0 0 0 0 0 0 0 0 0 325.500035444158 0 0 325.500035444158 534.695178391233 777.001996916384 1064.63799867152 908.711533166167 848.420972755028 908.711533166167 1069.37933038189 908.724490325912 848.420972755028 848.420972755028 -9999 -9999 -9999 -9999 -9999 -9999 -9999 -9999 -9999 -9999 -9999 -9999 -9999 -9999 -9999 -9999 -9999 848.420972755028 848.420972755028 908.711533166167 848.420972755028 651.000084975696 325.500035444158 0 0 325.500035444158 424.210491466315 424.210491466315 424.210491466315 325.500035444158 0
0 0 325.518142394441 0 0 0 0 0 0 0 0 0 325.518142394441 325.518142394441 0 0 0 0 325.518142394441 0 325.518142394441 0 0 325.518142394441 534.717198716915 777.062626527774 848.420972755028 908.730981261681 1069.44542092241 908.730981261681 777.062626527774 534.717198716915 424.210491466315 424.210491466315 -9999 -9999 -9999 -9999 -9999 -9999 -9999 -9999 -9999 -9999 -9999 -9999 -9999 -9999 -9999 -9999 -9999 -9999 -9999 -9999 -9999 -9999 534.706184444122 325.518142394441 0 0 0 0 0 0 0
0 0 0 0 325.53622058978 424.210491466315 424.210491466315 325.53622058978 0 0 325.53622058978 424.210491466315 534.717198716915 325.53622058978 0 0 0 0 0 325.53622058978 325.53622058978 0 0 0 325.53622058978 534.728221209105 424.210491466315 534.728221209105 777.092948277562 534.728221209105 424.210491466315 325.53622058978 0 0 0 325.53622058978 325.53622058978 0 325.53622058978 -9999 -9999 -9999 -9999 -9999 -9999 -9999 -9999 -9999 -9999 0 0 0 0 -9999 -9999 -9999 424.210491466315 -9999 -9999 -9999 325.53622058978 0 -9999 -9999 0
424.210491466315 424.210491466315 424.210491466315 424.210491466315 534.728221209105 777.092948277562 777.092948277562 534.728221209105 424.210491466315 424.210491466315 534.728221209105 534.739235027996 424.210491466315 325.554325527488 0 0 0 0 0 0 325.554325527488 0 0 0 0 325.554325527488 0 325.554325527488 424.210491466315 325.554325527488 0 0 0 0 0 0 0 0 0 0 325.554325527488 0 0 0 0 0 0 0 0 0 0 0 0 -9999 -9999 -9999 0 0 0 -9999 -9999 -9999 -9999 -9999 -9999
848.420972755028 848.420972755028 848.420972755028 848.420972755028 908.737457240981 1069.4674403411 1069.4674403411 908.737457240981 848.420972755028 848.420972755028 651.144817511777 325.572429458388 0 0 0 0 0 0 0 0 0 0 325.572429458388 0 0 0 0 0 0 0 0 0 325.572429458388 424.210491466315 424.210491466315 424.210491466315 424.210491466315 424.210491466315 424.210491466315 424.210491466315 534.739235027996 424.210491466315 325.572429458388 0 0 0 0 0 0 0 0 -9999 -9999 -9999 -9999 -9999 -9999 -9999 0 -9999 -9999 -9999 -9999 -9999 -9999
976.771487023696 1272.63146207983 1272.63146207983 1272.63146207983 1313.61423078042 1429.53029230559 1429.53029230559 1313.61423078042 1272.63146207983 1064.88688766685 777.153570793385 534.750257065964 424.210491466315 325.590504639473 0 0 0 0 0 0 0 0 0 0 325.590504639473 325.590504639473 0 0 325.590504639473 424.210491466315 424.210491466315 424.210491466315 424.210491466315 534.76125353952 777.183871561058 848.420972755028 848.420972755028 848.420972755028 848.420972755028 848.420972755028 848.420972755028 777.153570793385 534.750257065964 325.590504639473 0 325.590504639473 424.210491466315 424.210491466315 424.210491466315 424.210491466315 424.210491466315 424.210491466315 325.590504639473 -9999 325.590504639473 424.210491466315 -9999 0 0 -9999 -9999 -9999 -9999 -9999 -9999
1064.93665339643 1369.74285182824 1682.35876716066 1696.84194393976 1727.79338253196 1817.48787096013 1817.48787096013 1727.79338253196 1554.33743972305 1293.79314294041 1069.51149471011 908.750423971025 651.217157846488 325.60857881717 0 0 0 0 0 0 0 0 325.60857881717 424.210491466315 534.76125353952 325.60857881717 0 325.60857881717 325.60857881717 0 0 0 0 325.60857881717 424.210491466315 424.210491466315 424.210491466315 534.772266678099 424.210491466315 424.210491466315 424.210491466315 424.210491466315 534.772266678099 534.76125353952 424.210491466315 325.60857881717 0 0 325.60857881717 0 325.60857881717 -9999 -9999 -9999 -9999 -9999 -9999 -9999 -9999 -9999 -9999 -9999 -9999 -9999 -9999
1293.83410061312 1554.3980517 1835.8490770284 2121.05243264469 2121.05243264469 2145.9090352977 2218.75562939942 2066.38991919441 1820.94254969198 1604.28375593199 1369.81163184508 1064.98641680051 777.214182769583 534.772266678099 325.626665861691 0 0 325.626665861691 0 0 0 325.626665861691 534.772266678099 424.210491466315 325.626665861691 0 0 325.626665861691 534.772266678099 325.626665861691 0 0 0 0 0 0 0 325.626665861691 0 0 0 0 325.626665861691 325.626665861691 0 0 0 0 0 0 0 -9999 -9999 -9999 -9999 -9999 -9999 -9999 -9999 -9999 -9999 -9999 -9999 -9999 -9999
1604.31678971775 1820.99429019321 1817.56562494842 1727.81383437199 1696.84194926312 1727.81383437199 1817.56562494842 1958.03091544782 2130.02258148098 1835.92926128816 1554.45866131355 1293.8750569893 1065.03617787941 777.244481174306 534.783279589878 424.210491466315 424.210491466315 325.644751901618 0 0 325.644751901618 534.783279589878 325.644751901618 0 0 0 325.644751901618 424.210491466315 424.210491466315 424.210491466315 424.210491466315 325.644751901618 0 0 0 0 0 0 0 0 0 0 0 0 0 0 0 0 0 0 0 -9999 -9999 -9999 -9999 -9999 -9999 -9999 -9999 -9999 -9999 -9999 -9999 -9999 -9999
1696.84194926312 1604.44890398473 1429.6456183764 1313.64560390415 1272.63145498201 1313.64560390415 1429.6456183764 1604.44890398473 1821.20121517924 2066.53239408594 1821.04602426408 1554.51926856398 1293.91601555963 1069.57755597076 908.769856324683 848.420972755028 651.325646349473 325.662823068609 0 325.662823068609 534.79429227487 424.210480819579 424.210480819579 325.662823068609 0 0 0 0 0 0 325.662823068609 0 0 0 0 0 0 0 0 0 0 0 0 0 0 0 0 0 0 325.662823068609 -9999 -9999 -9999 -9999 -9999 -9999 -9999 -9999 -9999 -9999 325.662823068609 424.210491466315 424.210491466315 424.210491466315 325.662823068609
1272.63146207983 1294.03887651175 1069.64361315146 908.789293232579 848.420972755028 908.789293232579 1069.64361315146 1294.03887651175 1554.70106742416 1727.82064898425 1696.84194660144 1696.84194660144 1604.38284961866 1429.61266811713 1313.63664072213 1065.13568458247 777.305086061578 534.80528784299 424.210480819579 534.80528784299 325.68089323288 0 0 0 325.68089323288 0 0 0 0 0 0 0 0 0 0 325.68089323288 0 0 325.68089323288 0 325.68089323288 325.68089323288 0 0 0 0 325.68089323288 424.210480819579 424.210480819579 534.80528784299 -9999 -9999 -9999 -9999 -9999 -9999 -9999 -9999 -9999 -9999 -9999 -9999 -9999 -9999 -9999
848.420972755028 908.795768796353 777.365680414027 534.827312079862 424.210480819579 534.827312079862 777.365680414027 1065.23517775044 1294.07982291688 1313.65456358692 1272.63145498201 1272.63145498201 1313.65456358692 1429.6785615581 1554.64047307141 1293.99792532062 1069.62159735949 908.782812652875 848.420972755028 777.335380923139 534.816300074798 325.698976261565 0 0 0 0 325.698976261565 424.210480819579 325.698976261565 0 0 0 0 0 0 0 0 0 325.698976261565 325.698976261565 0 0 0 0 0 0 325.698976261565 424.210480819579 424.210480819579 424.210480819579 -9999 -9999 -9999 -9999 -9999 -9999 -9999 -9999 424.210480819579 -9999 -9999 -9999 -9999 -9999 -9999
424.210491466315 534.838323858195 651.434116785007 325.717058286323 0 325.717058286323 534.838323858195 777.395978723972 1065.28492720934 908.802249283668 848.420972755028 848.420972755028 908.802249283668 1069.68764759825 1294.12076802646 1294.12076802646 1069.68764759825 908.802249283668 848.420972755028 651.434116785007 325.717058286323 0 0 325.717058286323 0 0 0 325.717058286323 534.827312079862 424.210480819579 325.717058286323 0 325.717058286323 0 0 0 0 0 0 0 0 325.717058286323 0 0 0 0 0 0 0 0 0 0 0 0 0 0 325.717058286323 534.827312079862 777.365680414027 848.420972755028 848.420972755028 848.420972755028 848.420972755028 -9999 -9999
0 325.735139307322 534.849335409811 325.735139307322 0 0 325.735139307322 651.470278827041 777.426275853115 534.849335409811 424.210491466315 424.210491466315 534.849335409811 777.426275853115 1065.33466586608 1065.33466586608 777.426275853115 534.849335409811 424.210491466315 424.210491466315 424.210491466315 325.735139307322 0 325.735139307322 325.735139307322 0 0 325.735139307322 651.470278827041 651.470278827041 325.735139307322 0 0 0 0 0 0 0 325.735139307322 0 0 0 0 325.735139307322 424.210491466315 325.735139307322 0 0 0 325.735139307322 0 0 0 0 0 325.735139307322 534.838323858195 534.849335409811 424.210491466315 424.210491466315 424.210491466315 424.210491466315 424.210491466315 -9999 -9999
0 0 325.75321932473 0 0 0 325.75321932473 534.860329846363 651.506424997232 325.75321932473 0 0 325.75321932473 651.506424997232 977.259635716149 977.259635716149 651.506424997232 325.75321932473 0 0 0 0 0 325.75321932473 534.849335409811 424.210491466315 424.210491466315 534.849335409811 777.426275853115 777.426275853115 534.849335409811 325.75321932473 0 0 0 0 0 325.75321932473 534.849335409811 424.210491466315 325.75321932473 0 0 0 325.75321932473 534.849335409811 424.210491466315 424.210491466315 424.210491466315 534.849335409811 424.210491466315 325.75321932473 0 0 325.75321932473 534.849335409811 651.506424997232 325.75321932473 0 0 0 0 0 -9999 -9999
325.771270610932 0 0 0 0 0 0 325.771270610932 651.542569162111 325.771270610932 0 0 325.771270610932 651.542569162111 848.420972755028 848.420972755028 651.542569162111 325.771270610932 0 325.771270610932 424.210470172842 424.210470172842 424.210470172842 534.860329846363 777.456560183046 848.420972755028 848.420972755028 908.808729724772 1069.70966203083 1065.38439796143 777.456560183046 534.860329846363 424.210470172842 325.771270610932 0 325.771270610932 424.210470172842 534.860329846363 534.871332500929 424.210470172842 424.210470172842 424.210470172842 325.771270610932 0 0 325.771270610932 651.542569162111 848.420972755028 848.420972755028 908.808729724772 777.456560183046 534.860329846363 325.771270610932 0 0 325.771270610932 424.210470172842 325.771270610932 0 0 325.771270610932 325.771270610932 0 -9999 -9999
534.871332500929 325.789348623195 0 0 0 0 325.789348623195 534.871332500929 651.578704390452 325.789348623195 0 325.789348623195 424.210491466315 424.210491466315 424.210491466315 424.210491466315 534.882351816834 325.789348623195 0 325.789348623195 651.578704390452 848.420972755028 848.420972755028 908.815200180445 1069.73167178831 1272.63145853092 1272.63145853092 1294.28452853257 1069.77569838854 908.828160831751 651.578704390452 325.789348623195 0 0 0 0 0 325.789348623195 325.789348623195 0 0 325.789348623195 0 0 0 325.789348623195 651.578704390452 977.368060582714 1272.63145853092 1294.20265435943 1065.43412349632 777.486843333355 534.871332500929 325.789348623195 0 0 0 0 0 0 0 0 0 -9999 -9999
325.807453357071 534.882351816834 424.210491466315 325.807453357071 0 0 325.807453357071 424.210491466315 534.893362462072 325.807453357071 0 0 0 0 0 0 325.807453357071 0 0 325.807453357071 651.614865339624 977.42227774725 1272.63146207983 1313.66802018676 1429.72798122534 1604.61403222564 1370.56789854472 1065.53358455917 777.547423521441 534.893362462072 424.210491466315 325.807453357071 0 0 0 0 325.807453357071 0 0 0 0 0 0 0 0 325.807453357071 651.614865339624 908.834641088092 1069.79771945277 1294.32546716643 1065.53358455917 777.547423521441 534.893362462072 325.807453357071 0 325.807453357071 424.210491466315 424.210491466315 424.210491466315 325.807453357071 0 0 325.807453357071 -9999 -9999
0 325.825501638615 325.825501638615 0 0 0 0 0 325.825501638615 424.210491466315 424.210491466315 325.825501638615 0 0 0 0 0 0 325.825501638615 534.893362462072 777.547423521441 1065.53358455917 1370.56789854472 1683.40834319042 1817.64336318667 1555.18569078687 1294.36639752682 977.476478042969 651.650975766635 325.825501638615 0 0 325.825501638615 325.825501638615 0 325.825501638615 325.825501638615 0 0 325.825501638615 424.210491466315 325.825501638615 0 0 0 325.825501638615 424.210491466315 534.904355993691 777.5777089414 908.84111632876 977.476478042969 651.650975766635 325.825501638615 0 0 0 0 325.825501638615 0 0 -9999 -9999 -9999 -9999 -9999
0 0 0 0 0 0 325.843548920476 0 0 0 0 325.843548920476 0 325.843548920476 424.210491466315 325.843548920476 0 0 325.843548920476 651.687111914375 977.53067533349 1294.32546716643 1555.12512983833 1836.81093909606 1683.58317493364 1370.70533278798 1065.63302786223 777.607981565553 534.915366185996 325.843548920476 0 0 0 325.843548920476 0 0 325.843548920476 424.210491466315 424.210491466315 534.904355993691 651.687111914375 325.843548920476 0 0 0 0 0 325.843548920476 424.210491466315 534.915366185996 777.607981565553 651.687111914375 325.843548920476 0 0 0 0 0 0 325.843548920476 -9999 -9999 -9999 -9999 -9999
0 0 0 0 325.861622922914 325.861622922914 0 0 0 325.861622922914 0 0 0 0 325.861622922914 325.861622922914 0 0 325.861622922914 651.723246058471 977.58487423933 1303.44649381809 1629.30811886744 1604.81212203468 1429.82679016552 1303.44649381809 977.58487423933 651.723246058471 325.861622922914 0 0 0 0 325.861622922914 0 0 325.861622922914 651.723246058471 848.420972755028 908.84111632876 651.723246058471 325.861622922914 0 325.861622922914 0 0 0 0 0 325.861622922914 651.723246058471 777.607981565553 534.915366185996 424.210491466315 424.210491466315 325.861622922914 0 0 0 0 -9999 -9999 -9999 -9999 -9999
0 325.879682063649 0 0 0 0 0 325.879682063649 424.210480819579 534.926367708545 424.210480819579 424.210480819579 325.879682063649 0 0 325.879682063649 0 325.879682063649 534.926367708545 777.638264627056 1065.68273755779 1272.63145853092 1272.63145853092 1294.48918084296 1069.88574851991 908.860541773962 848.420972755028 651.759371269617 325.879682063649 0 0 0 0 325.879682063649 325.879682063649 0 325.879682063649 651.759371269617 977.639060900942 1065.68273755779 777.638264627056 534.926367708545 424.210480819579 534.926367708545 424.210480819579 424.210480819579 424.210480819579 325.879682063649 0 325.879682063649 651.759371269617 977.639060900942 908.84758655386 848.420967431659 651.759371269617 325.879682063649 0 0 325.879682063649 424.210480819579 -9999 -9999 -9999 -9999 -9999
0 0 0 0 0 0 325.897754062175 534.937369004836 777.668534893932 908.854071641092 848.420972755028 651.795501407809 325.897754062175 0 0 325.897754062175 0 0 325.897754062175 534.948378517675 777.69881559753 848.420972755028 848.420972755028 908.867021799427 777.69881559753 534.948378517675 424.210491466315 534.948378517675 325.897754062175 0 0 0 0 0 0 0 325.897754062175 651.795501407809 977.693249178871 1294.44825436497 1069.86374615369 908.854071641092 848.420972755028 908.854071641092 848.420972755028 848.420972755028 651.795501407809 325.897754062175 0 325.897754062175 534.948378517675 777.69881559753 1065.78215423098 1065.7324449347 777.668534893932 534.937369004836 325.897754062175 0 325.897754062175 534.948378517675 -9999 -9999 -9999 -9999 -9999
325.915811200868 424.210491466315 325.915811200868 0 0 0 325.915811200868 651.831622614486 977.747434453603 1272.63146207983 977.747434453603 651.831622614486 325.915811200868 0 0 0 0 0 0 325.915811200868 424.210491466315 424.210491466315 424.210491466315 534.959387803937 424.210491466315 325.915811200868 0 325.915811200868 424.210491466315 424.210491466315 325.915811200868 0 0 0 0 325.915811200868 424.210491466315 534.959387803937 777.729095122156 1065.83186120887 1370.9801467658 1313.69489859311 1272.63146207983 1313.69489859311 1272.63146207983 977.747434453603 651.831622614486 325.915811200868 0 0 325.915811200868 534.959387803937 777.729095122156 848.420972755028 651.831622614486 325.915811200868 0 0 325.915811200868 325.915811200868 -9999 -9999 -9999 -9999 -9999
534.959387803937 651.867741819619 325.933867339173 0 0 325.933867339173 534.959387803937 777.729095122156 908.879981711754 848.420978078396 848.420978078396 777.729095122156 534.959387803937 424.210491466315 424.210491466315 325.933867339173 0 0 0 0 0 0 0 325.933867339173 0 0 0 0 0 0 0 0 0 0 0 325.933867339173 0 325.933867339173 651.867741819619 908.879981711754 1069.95176978856 1294.6119455368 1429.89265478755 1604.94415331601 1370.9801467658 1065.83186120887 777.729095122156 534.959387803937 325.933867339173 0 0 325.933867339173 424.210491466315 424.210491466315 424.210491466315 534.959387803937 424.210491466315 424.210491466315 534.959387803937 325.933867339173 0 0 325.933867339173 -9999 -9999
908.873496809399 777.759361853924 534.970379978749 424.210491466315 424.210491466315 534.970379978749 777.759361853924 777.78963902147 534.981388812247 424.210491466315 424.210491466315 534.981388812247 777.78963902147 651.903865951645 325.951950189671 0 0 0 325.951950189671 424.210491466315 424.210491466315 325.951950189671 0 0 0 325.951950189671 325.951950189671 0 325.951950189671 0 0 0 0 0 0 0 0 325.951950189671 424.210491466315 534.981388812247 777.78963902147 908.886451660178 1069.9737703447 1294.65285986311 1555.48845725808 1294.57102293988 1065.8815573941 777.759361853924 534.970379978749 325.951950189671 0 0 0 0 0 325.951950189671 534.981388812247 777.78963902147 651.903865951645 325.951950189671 0 0 325.951950189671 424.210491466315 424.210491466315
534.992388977113 424.210491466315 424.210491466315 424.210491466315 534.992388977113 424.210491466315 424.210491466315 424.210491466315 325.969990470725 0 0 325.969990470725 534.992388977113 777.78963902147 534.981388812247 325.969990470725 0 325.969990470725 325.969990470725 0 0 0 0 0 325.969990470725 534.981388812247 534.981388812247 424.210491466315 325.969990470725 0 0 0 0 0 0 0 0 0 0 325.969990470725 424.210491466315 534.992388977113 777.819903397339 1065.98095128784 1294.69377289646 1069.99577044849 908.892921562545 848.420972755028 777.78963902147 534.981388812247 325.969990470725 0 0 0 0 0 325.969990470725 534.992388977113 424.210491466315 424.210491466315 325.969990470725 0 325.969990470725 0 0
