Rnew_bats/Bats_data_products/roaddist.asc
NCOLS 434 
NROWS 250 
XLLCORNER -121.69454516 
YLLCORNER 39.36708274 
CELLSIZE 0.00381074763999997 
NODATA_value -9999 
[rows 84 to 111 of 250, columns 130 to 194 of 434]
1313.46173813171 1272.63146207983 1272.63146207983 1272.63146207983 1313.46173813171 1428.9697112226 1603.09355100211 1727.67404393627 1817.03401849473 1624.87369400071 1299.89895504693 974.924222495939 649.949476679815 324.974759081259 0 0 324.974759081259 534.386570361273 424.210491466315 324.974759081259 0 0 0 0 324.974759081259 424.210491466315 424.210491466315 424.210491466315 534.386570361273 776.15233010377 908.536471630532 649.949476679815 324.974759081259 0 0 324.974759081259 0 0 324.974759081259 0 0 0 324.974759081259 424.210491466315 324.974759081259 0 0 0 0 324.974759081259 0 324.974759081259 324.974759081259 0 0 324.974759081259 649.949476679815 534.375549273739 424.210491466315 424.210491466315 424.210491466315 424.210491466315 324.974759081259 0 0
1727.67745544272 1696.84194660144 1696.84194660144 1696.84194660144 1727.67745544272 1817.04698841748 1956.94755266542 2137.48011958363 1949.95723556344 1624.9643667491 1299.97149296743 974.978626514848 649.985749114198 324.992881400174 0 0 0 324.992881400174 0 0 0 0 0 0 0 0 0 0 324.992881400174 424.210480819579 534.397599673008 649.985749114198 324.992881400174 0 0 0 0 0 0 0 0 0 0 324.992881400174 324.992881400174 0 324.992881400174 324.992881400174 0 0 0 324.992881400174 424.210480819579 324.992881400174 0 324.992881400174 424.210480819579 324.992881400174 0 324.992881400174 649.985749114198 776.15233010377 534.386570361273 324.992881400174 0
2145.80197373571 2121.05243264469 2121.05243264469 2121.05243264469 2145.80197373571 2218.39450010061 2334.37091818801 2275.07703276044 1950.06603058417 1625.05502610046 1300.0440198924 975.033013601849 650.02200562819 325.011002708604 0 325.011002708604 0 0 0 0 325.011002708604 424.210480819579 424.210470172842 325.011002708604 0 0 325.011002708604 0 0 0 325.011002708604 424.210470172842 325.011002708604 0 0 0 0 0 0 0 0 0 0 325.011002708604 325.011002708604 0 0 0 0 0 0 0 0 0 0 0 0 0 0 325.011002708604 650.02200562819 650.02200562819 325.011002708604 0 0
2565.92515772818 2545.26292085617 2545.26292085617 2545.26292085617 2565.92515772818 2626.93693160589 2634.53781199715 2314.35062276073 1995.72648564849 1679.55520858355 1367.53913345807 1063.34234921184 776.213055175112 534.408628757116 424.210470172842 325.029136902265 0 0 0 0 0 325.029136902265 0 325.029136902265 325.029136902265 0 325.029136902265 424.210470172842 325.029136902265 0 0 0 0 325.029136902265 424.210470172842 325.029136902265 0 0 0 0 0 0 325.029136902265 0 0 0 325.029136902265 0 0 0 0 0 325.029136902265 325.029136902265 0 0 0 0 0 325.029136902265 424.210491466315 534.419666064754 325.029136902265 0 0
2607.21835594576 2895.28730581572 2969.47340873912 2969.47340873912 2987.20384213376 2895.28730581572 2607.21835594576 2328.91247906341 2064.32214280778 1819.44092623028 1552.45649754942 1292.52218935673 975.141806465316 650.094540379516 325.047283979002 0 0 325.047283979002 424.210491466315 325.047283979002 0 0 0 0 0 0 0 325.047283979002 424.210491466315 424.210491466315 424.210491466315 325.047283979002 0 0 0 0 0 0 0 0 0 0 0 0 0 325.047283979002 534.419666064754 325.047283979002 0 325.047283979002 0 0 0 0 0 325.047283979002 424.210491466315 325.047283979002 0 0 0 325.047283979002 325.047283979002 0 0
2428.60117054774 2735.56083161905 3046.28315670852 3359.72434066058 3046.28315670852 2735.56083161905 2428.60117054774 2127.03380627121 1833.52135581336 1552.6386862935 1292.64528061769 1063.49197515363 776.304157147245 534.441706193024 325.065388360674 0 325.065388360674 424.210491466315 534.441706193024 534.430686242507 424.210491466315 424.210491466315 424.210491466315 424.210491466315 325.065388360674 0 0 325.065388360674 0 0 0 325.065388360674 0 0 325.065388360674 325.065388360674 0 325.065388360674 325.065388360674 0 0 325.065388360674 424.210491466315 325.065388360674 0 325.065388360674 325.065388360674 0 0 0 0 325.065388360674 424.210491466315 325.065388360674 0 0 0 0 0 0 0 0 0 0 0
2314.8496243568 2635.11035706088 2956.42601333177 3278.48643787009 2956.42601333177 2635.11035706088 2314.8496243568 1996.15163168339 1679.90602958866 1367.81488735134 1063.54184012755 776.334525974021 534.452742817561 325.083533413752 0 0 0 0 325.083533413752 424.210491466315 424.210491466315 325.083533413752 0 325.083533413752 424.210491466315 325.083533413752 0 0 0 0 0 0 0 0 325.083533413752 0 0 0 0 0 0 325.083533413752 650.167046198796 325.083533413752 0 325.083533413752 0 0 0 325.083533413752 424.210491466315 534.441706193024 650.167046198796 325.083533413752 0 0 0 0 0 0 0 0 325.083533413752 424.210491466315 424.210491466315
2275.71153172441 2600.81317688673 2858.3187772284 3020.18610559688 2925.91481987931 2600.81317688673 2275.71153172441 1950.6098868825 1625.50824145522 1300.40659384217 975.304949852235 650.203299549558 325.1016496692 0 0 0 0 0 0 0 0 0 0 0 0 325.1016496692 0 325.1016496692 424.210491466315 325.1016496692 0 0 0 0 0 0 0 325.1016496692 0 0 0 325.1016496692 534.463770763746 325.1016496692 0 0 0 0 325.1016496692 534.452742817561 776.334525974021 908.568902736062 776.334525974021 534.452742817561 424.210491466315 325.1016496692 0 325.1016496692 424.210491466315 325.1016496692 0 0 325.1016496692 0 0
2218.5113767324 2334.62081444567 2488.08774301586 2672.48414975473 2881.87908870529 2600.95817179093 2275.83840195457 1950.71863392733 1625.59886213979 1300.479089556 975.359323373653 650.23954393322 325.119792698521 0 0 0 325.119792698521 325.119792698521 0 325.119792698521 0 0 0 0 0 0 0 325.119792698521 424.210491466315 424.210491466315 325.119792698521 0 0 0 0 0 325.119792698521 325.119792698521 0 0 0 325.119792698521 325.119792698521 0 0 0 0 325.119792698521 424.210491466315 424.210491466315 534.474790032117 776.395242612287 776.395242612287 534.474790032117 325.119792698521 0 0 325.119792698521 650.23954393322 534.463770763746 325.119792698521 0 0 0 0
1817.20265009461 1957.27273545519 2138.0093708957 2350.04851412588 2585.7007544351 2635.3965615257 2315.0990662881 1996.36415378109 1680.08139783505 1367.95273354804 1063.64156306217 776.395242612287 534.474790032117 424.210491466315 424.210491466315 424.210491466315 325.137893042751 0 325.137893042751 325.137893042751 0 0 0 0 0 0 0 0 0 0 325.137893042751 0 0 0 0 0 0 0 0 0 0 325.137893042751 0 0 0 0 0 0 0 0 325.137893042751 424.210491466315 424.210491466315 325.137893042751 0 325.137893042751 424.210491466315 534.474790032117 776.395242612287 776.395242612287 534.474790032117 424.210491466315 424.210491466315 325.137893042751 0
1429.18412868996 1603.52356570912 1819.75179444932 2064.75024602844 2329.4589016431 2488.16351692357 2428.9578003926 2127.33296658874 1833.76236597881 1552.82083621051 1292.7683496776 1068.96059165034 908.588358855395 848.420972755028 650.312033585491 325.156020159644 0 0 0 0 0 0 325.156020159644 0 0 0 0 325.156020159644 0 0 0 325.156020159644 325.156020159644 0 325.156020159644 0 0 0 0 0 0 325.156020159644 0 0 0 325.156020159644 325.156020159644 0 0 0 0 0 0 0 0 0 0 325.156020159644 650.312033585491 975.468052063909 908.588358855395 776.455954502685 534.496836337257 -9999 -9999
1069.02672920275 1292.89139654278 1553.00295313053 1817.22858744041 1957.32691541254 2138.09755157219 2350.17386583575 2329.27678278193 2064.60756283913 1819.6481842294 1603.45742815659 1429.15115198948 1313.51109129789 1063.74126815637 776.455954502685 534.496836337257 424.210491466315 424.210491466315 325.174146266025 0 0 325.174146266025 534.496836337257 325.174146266025 0 0 0 0 325.174146266025 0 0 0 0 0 0 0 0 0 0 0 0 0 0 0 0 325.174146266025 325.174146266025 0 325.174146266025 424.210491466315 424.210491466315 424.210491466315 325.174146266025 0 0 0 325.174146266025 534.496836337257 776.455954502685 1063.74126815637 776.486299942984 534.507854923957 -9999 -9999 -9999
776.51665001372 1063.84095541519 1313.52902962944 1429.21710462955 1603.58969771744 1819.85539132508 2064.89291060936 2329.64099463504 2349.98583384162 2137.96527496856 1957.24564029898 1817.18967631206 1552.94225180243 1292.85038455121 1069.00468803151 908.601322742455 848.420972755028 650.384501269735 325.192243584911 0 0 325.192243584911 424.210480819579 424.210480819579 325.192243584911 0 0 325.192243584911 325.192243584911 0 325.192243584911 0 0 0 0 0 0 0 325.192243584911 0 325.192243584911 325.192243584911 0 0 325.192243584911 424.210480819579 424.210480819579 424.210480819579 534.507854923957 776.486299942984 776.51665001372 534.51887328352 424.210480819579 424.210480819579 424.210480819579 424.210480819579 534.507854923957 776.486299942984 848.420972755028 908.614291415259 -9999 -9999 -9999 0 325.192243584911
650.420742499919 848.420972755028 908.620778167585 1069.07081863125 1292.97341662332 1553.12434866948 1834.16393981414 2127.83142836961 2429.55201012774 2488.08774301586 2329.4589016431 2064.75024602844 1819.75179444932 1603.52356570912 1429.18412868996 1313.52006221351 1063.84095541519 776.51665001372 534.51887328352 325.210381560126 0 0 0 0 325.210381560126 424.210480819579 424.210480819579 534.51887328352 325.210381560126 0 325.210381560126 424.210480819579 424.210480819579 424.210480819579 424.210480819579 424.210480819579 325.210381560126 0 0 0 0 0 0 0 0 0 0 0 325.210381560126 424.210491466315 424.210491466315 325.210381560126 0 0 325.210381560126 -9999 -9999 -9999 -9999 -9999 -9999 -9999 -9999 -9999 -9999
424.210491466315 424.210491466315 534.540926219742 776.577352412632 1063.94064182374 1368.36614261154 1680.60734440503 1997.00152557172 2315.8471587175 2586.11085183875 2585.78278540699 2350.11118889477 2138.05346168855 1957.29982562133 1817.21561881379 1553.06365208612 1292.93241072663 975.685463836797 650.456974767352 325.22849074973 0 0 325.22849074973 0 0 0 325.22849074973 534.540926219742 534.529908314761 424.210491466315 534.529908314761 776.54700471435 534.540926219742 424.210491466315 424.210491466315 534.540926219742 325.22849074973 0 0 0 325.22849074973 424.210491466315 424.210491466315 424.210491466315 424.210491466315 424.210491466315 325.22849074973 0 0 0 0 0 0 0 0 -9999 -9999 -9999 -9999 -9999 -9999 -9999 -9999 -9999 -9999
0 0 325.246598931045 650.493198073532 975.739806896406 1293.05543150123 1553.24572308963 1820.01077558214 2065.10688353363 2329.91409580835 2608.43612066316 2672.59437842825 2488.16351692357 2315.8471587175 1997.00152557172 1680.60734440503 1368.36614261154 1063.94064182374 776.577352412632 534.540926219742 325.246598931045 0 325.246598931045 0 0 0 0 325.246598931045 650.493198073532 848.420972755028 908.620778167585 650.493198073532 325.246598931045 0 0 325.246598931045 0 0 0 0 325.246598931045 650.493198073532 848.420972755028 848.420972755028 776.607687293764 534.551943897629 325.246598931045 0 0 325.246598931045 424.210470172842 325.246598931045 0 0 0 -9999 -9999 -9999 -9999 -9999 -9999 -9999 -9999 -9999 -9999
0 0 325.264706104239 534.562961348434 776.63803262083 1064.04030191448 1293.0964369895 1553.3064096508 1834.40481877521 2128.13042562766 2429.90843350795 2737.07667265807 2736.8011576497 2429.6708286877 2127.93110162028 1834.24423713671 1553.1850428809 1293.01443169847 975.794137672601 650.529419362696 325.264706104239 0 0 325.264706104239 0 0 0 325.264706104239 534.562961348434 776.63803262083 776.63803262083 534.562961348434 424.210480819579 325.264706104239 0 0 0 325.264706104239 0 0 325.264706104239 424.210480819579 534.562961348434 776.63803262083 534.562961348434 325.264706104239 0 0 325.264706104239 325.264706104239 0 0 0 0 0 -9999 -9999 -9999 -9999 -9999 -9999 -9999 -9999 -9999 -9999
325.28281226948 0 0 325.28281226948 534.573978572172 776.668376762269 1064.09013270406 1368.57277886258 1680.8702237328 1997.32010127544 2316.2210753267 2636.68392930016 2896.58941763363 2608.32544897752 2316.09644446433 1997.21391652801 1680.78260185855 1368.503903579 1064.04030191448 776.63803262083 534.562961348434 325.28281226948 0 325.28281226948 0 0 0 0 325.28281226948 424.210491466315 424.210491466315 325.28281226948 0 0 325.28281226948 0 0 325.28281226948 0 0 0 0 325.28281226948 650.56565251989 325.28281226948 0 0 325.28281226948 534.562961348434 534.562961348434 424.210480819579 325.28281226948 0 0 325.28281226948 424.210480819579 534.562961348434 776.63803262083 848.420972755028 776.668376762269 -9999 -9999 -9999 -9999 -9999
534.573978572172 325.300945194809 0 0 325.300945194809 650.601869775261 975.902808662745 1301.20373777192 1626.50467466925 1951.80560683935 2277.10653895646 2602.40746999248 2927.70839947028 2602.40746999248 2277.10653895646 1951.80560683935 1626.50467466925 1301.20373777192 975.902808662745 650.601869775261 325.300945194809 0 0 325.300945194809 0 0 325.300945194809 0 0 0 0 0 0 325.300945194809 325.300945194809 0 0 325.300945194809 424.210491466315 424.210491466315 325.300945194809 0 325.300945194809 534.585004017386 325.300945194809 0 0 325.300945194809 650.601869775261 534.585004017386 325.300945194809 0 0 0 325.300945194809 424.210480819579 534.585004017386 424.210480819579 534.585004017386 650.601869775261 -9999 0 -9999 -9999 -9999
650.638078073045 325.31903545994 0 0 325.31903545994 650.638078073045 975.957125737038 1301.27616825113 1626.59521207432 1951.91425487296 2277.23329576779 2602.55233442501 2927.87137383832 2636.82691404736 2316.34569168404 1997.42627585572 1680.95783835281 1368.64164738014 1064.13995267174 776.698713903279 534.585004017386 424.210480819579 424.210480819579 325.31903545994 0 0 0 0 0 0 0 0 0 0 0 0 325.31903545994 424.210491466315 424.210491466315 325.31903545994 0 0 0 325.31903545994 534.585004017386 325.31903545994 0 325.31903545994 534.596029235213 325.31903545994 0 0 0 0 0 0 325.31903545994 0 325.31903545994 424.210491466315 424.210491466315 325.31903545994 0 325.31903545994 424.210491466315
650.674298238325 325.337152483951 0 325.337152483951 534.596029235213 776.729049859395 1064.18977030709 1368.71051243249 1681.04544840643 1997.53244479253 2316.47030133754 2636.96989104148 2958.52369701059 2737.35214838625 2430.14600766261 2128.32972247952 1834.56538143408 1553.4277669385 1293.17843708027 1069.18103002412 908.653201293601 776.759390445241 534.607045777485 424.210491466315 424.210491466315 424.210491466315 325.337152483951 0 0 0 0 0 0 325.337152483951 0 0 0 0 0 325.337152483951 0 325.337152483951 0 325.337152483951 650.674298238325 325.337152483951 0 0 325.337152483951 325.337152483951 0 0 0 0 0 0 0 0 0 0 0 0 0 0 0
650.71050944669 325.355254617518 0 325.355254617518 650.71050944669 976.06576469917 1293.21943168345 1553.48843185168 1834.64565133963 2128.4293554196 2430.26477859709 2737.48987008035 3039.96075541152 2897.11001275213 2608.76808331231 2330.18714365321 2065.32081460846 1820.16612920493 1553.60976619985 1293.30141699151 976.06576469917 650.71050944669 325.355254617518 0 0 0 0 0 0 0 325.355254617518 325.355254617518 0 325.355254617518 0 0 0 0 0 325.355254617518 0 325.355254617518 0 325.355254617518 534.618062092747 534.607045777485 325.355254617518 0 0 0 0 325.355254617518 325.355254617518 0 0 325.355254617518 424.210491466315 325.355254617518 0 0 0 0 0 0 0
534.629078181011 325.37336962482 0 325.37336962482 534.629078181011 776.820044805728 1064.33920922253 1368.91707030702 1681.30822968583 1997.85089740511 2316.84407449064 2637.39874469358 2627.16120125261 2565.98255966146 2430.6210454296 2128.72822201719 1834.88643506422 1553.67042400665 1293.34240769664 1064.33920922253 776.820044805728 534.629078181011 325.37336962482 0 325.37336962482 424.210491466315 325.37336962482 0 0 0 325.37336962482 0 0 0 0 325.37336962482 0 0 0 325.37336962482 0 325.37336962482 0 0 325.37336962482 325.37336962482 0 0 0 0 325.37336962482 534.618062092747 534.618062092747 325.37336962482 0 0 0 0 0 325.37336962482 424.210491466315 424.210491466315 325.37336962482 0 0
325.391483623633 0 0 0 325.391483623633 650.782925818772 976.174386944124 1301.56585333134 1626.95731131207 1952.34877035142 2277.74023066112 2334.96143416605 2218.67069110815 2145.87336273532 2121.05243690339 1957.65192675421 1681.39581073758 1368.9859116072 1064.38901753189 776.850381837685 534.640094042292 325.391483623633 0 0 0 325.391483623633 325.391483623633 0 0 325.391483623633 0 0 0 0 0 325.391483623633 325.391483623633 0 0 0 0 325.391483623633 325.391483623633 0 325.391483623633 0 0 325.391483623633 424.210491466315 424.210491466315 534.629078181011 776.820044805728 650.782925818772 325.391483623633 0 325.391483623633 0 0 0 325.391483623633 424.210491466315 424.210491466315 424.210491466315 325.391483623633 0
0 0 0 0 325.409554976225 650.81912404351 976.228693534315 1301.6382497811 1627.04781242664 1952.45737428041 2138.67053386772 1957.6790001379 1817.39713885864 1727.76952697402 1696.84194660144 1603.98637900897 1429.41493165298 1293.42437822599 976.228693534315 650.81912404351 325.409554976225 0 0 0 0 0 0 0 0 0 0 0 0 0 0 0 0 0 0 325.409554976225 0 0 0 0 0 0 0 325.409554976225 424.210480819579 424.210480819579 424.210480819579 424.210480819579 424.210480819579 424.210480819579 325.409554976225 0 0 0 0 0 0 0 0 325.409554976225 0
0 325.427680839413 325.427680839413 0 325.427680839413 650.855334133563 976.282997103656 1301.71065608296 1627.13831405897 1952.56597679489 1820.52853553149 1604.01943018187 1429.43141231621 1313.58733009388 1272.63146207983 1272.63146207983 1069.33527056798 908.698570851416 776.911029094367 534.662125083961 325.427680839413 0 0 325.427680839413 0 0 0 0 325.427680839413 0 325.427680839413 0 0 0 0 0 0 0 0 0 0 0 0 0 0 0 0 0 0 0 0 0 0 0 0 0 0 0 0 0 0 325.427680839413 0 0 0
325.445750182045 534.662125083961 534.662125083961 424.210491466315 534.662125083961 776.911029094367 1064.4886186732 1369.12358382326 1681.57095378493 1820.58029524126 1553.91303155575 1293.50634356081 1069.35730492538 908.705057002117 848.420972755028 848.420972755028 776.941350947433 534.673140264378 424.210480819579 325.445750182045 0 0 325.445750182045 0 0 0 0 325.445750182045 424.210480819579 424.210480819579 325.445750182045 0 0 325.445750182045 0 0 0 325.445750182045 0 0 0 0 325.445750182045 0 0 0 0 0 0 0 0 0 0 0 0 325.445750182045 424.210480819579 325.445750182045 0 0 325.445750182045 534.662125083961 325.445750182045 0 0
325.463874029436 650.927720516766 908.698570851416 848.420972755028 908.698570851416 1069.33527056798 1293.46536154265 1553.85238612625 1696.84194926312 1553.97367171211 1293.54731729751 1064.588210496 776.971677430067 534.684163664831 424.210491466315 424.210491466315 424.210491466315 325.463874029436 0 0 0 325.463874029436 325.463874029436 0 0 325.463874029436 424.210480819579 325.463874029436 0 0 0 0 0 325.463874029436 424.210480819579 424.210480819579 424.210480819579 325.463874029436 0 0 325.463874029436 424.210480819579 534.673140264378 325.463874029436 0 0 0 0 0 0 0 0 0 0 0 0 0 0 0 0 325.463874029436 650.927720516766 534.673140264378 325.463874029436 0
