Rnew_bats/Bats_data_products/roaddist.asc
NCOLS 434 
NROWS 250 
XLLCORNER -121.69454516 
YLLCORNER 39.36708274 
CELLSIZE 0.00381074763999997 
NODATA_value -9999 
[rows 28 to 55 of 250, columns 195 to 259 of 434]
-9999 424.210480819579 -9999 -9999 -9999 -9999 -9999 -9999 -9999 -9999 -9999 -9999 -9999 -9999 -9999 -9999 -9999 -9999 -9999 533.768235179529 774.448514518613 1060.44352900497 1290.13844209737 971.870794379983 647.913850179284 323.956924985174 0 0 0 0 0 323.956924985174 0 0 323.956924985174 424.210480819579 533.768235179529 533.757175939632 323.956924985174 0 323.956924985174 424.210491466315 323.956924985174 0 323.956924985174 424.210480819579 323.956924985174 0 0 0 0 0 323.956924985174 533.757175939632 774.418042571516 971.870794379983 647.913850179284 323.956924985174 0 0 0 0 0 0 0
323.975146061328 0 0 -9999 -9999 -9999 -9999 -9999 -9999 -9999 -9999 -9999 -9999 -9999 -9999 -9999 -9999 -9999 -9999 323.975146061328 533.779294190292 774.47900276161 1060.49361397732 1060.44352900497 774.448514518613 533.768235179529 323.975146061328 0 0 0 0 0 323.975146061328 0 0 0 323.975146061328 533.779294190292 533.768235179529 424.210480819579 533.768235179529 774.448514518613 533.768235179529 424.210480819579 323.975146061328 0 0 0 0 323.975146061328 424.210480819579 424.210480819579 533.768235179529 774.448514518613 1060.44352900497 774.47900276161 533.779294190292 323.975146061328 0 0 0 323.975146061328 0 323.975146061328 424.210480819579
323.993366112746 0 0 0 0 -9999 -9999 -9999 -9999 -9999 -9999 -9999 -9999 -9999 -9999 -9999 -9999 -9999 0 0 323.993366112746 647.98671849453 971.980075940984 1290.13844209737 1060.49361397732 774.47900276161 533.779294190292 323.993366112746 0 0 323.993366112746 0 0 323.993366112746 323.993366112746 0 0 323.993366112746 647.98671849453 848.420972755028 908.172909501635 971.980075940984 647.98671849453 323.993366112746 0 0 0 0 0 0 0 323.993366112746 647.98671849453 971.980075940984 971.980075940984 647.98671849453 323.993366112746 0 0 323.993366112746 0 0 0 323.993366112746 424.210491466315
324.011571200416 0 0 0 324.011571200416 -9999 -9999 -9999 -9999 -9999 -9999 -9999 -9999 -9999 -9999 -9999 -9999 324.011571200416 0 0 324.011571200416 648.023142609873 972.03470979102 1296.04627992249 1290.17960330724 1060.54368806713 774.509472310317 533.790344510829 324.011571200416 0 0 0 0 0 324.011571200416 324.011571200416 0 324.011571200416 424.210491466315 533.801394602611 774.539946491534 774.539946491534 533.801394602611 324.011571200416 0 0 0 0 0 0 0 324.011571200416 648.023142609873 972.03470979102 1060.54368806713 774.509472310317 533.790344510829 324.011571200416 0 0 0 0 0 0 0
0 0 0 0 0 324.029775265262 533.812452926409 -9999 -9999 -9999 -9999 -9999 -9999 -9999 -9999 -9999 424.210480819579 324.029775265262 0 0 324.029775265262 648.059550739602 972.089335924364 1296.11911709022 1549.04941612569 1290.22076320396 1060.59375979278 774.539946491534 533.801394602611 424.210491466315 324.029775265262 0 0 0 0 324.029775265262 0 0 0 324.029775265262 533.812452926409 648.059550739602 324.029775265262 0 0 324.029775265262 424.210491466315 424.210491466315 424.210491466315 424.210491466315 424.210491466315 533.801394602611 774.539946491534 1060.59375979278 1290.22076320396 1060.59375979278 774.539946491534 533.801394602611 324.029775265262 0 0 0 0 324.029775265262 424.210480819579
424.210480819579 424.210480819579 424.210480819579 324.047992245077 0 0 324.047992245077 648.095977730457 972.143968279935 972.143968279935 648.095977730457 324.047992245077 0 -9999 -9999 0 0 0 0 0 324.047992245077 648.095977730457 972.143968279935 1296.19195364941 1620.23994310745 1549.1103632897 1290.2619287885 1067.61385698191 908.19241388844 774.570413642876 533.812452926409 324.047992245077 0 0 0 324.047992245077 0 0 0 0 324.047992245077 648.095977730457 324.047992245077 0 324.047992245077 533.812452926409 774.570413642876 848.420972755028 848.420972755028 848.420972755028 848.420972755028 908.19241388844 1067.61385698191 1290.2619287885 1363.87775332221 1060.69389615293 774.600891257242 533.823511021131 424.210491466315 324.047992245077 0 0 0 0 0
774.600891257242 848.420972755028 648.132402674005 324.066208200846 0 0 324.066208200846 648.132402674005 972.19859756546 972.19859756546 648.132402674005 324.066208200846 0 324.066208200846 0 0 0 0 324.066208200846 424.210491466315 533.823511021131 774.600891257242 1060.69389615293 1363.87775332221 1601.53683536879 1816.48286284345 1549.2931729052 1290.38538616184 972.19859756546 648.132402674005 324.066208200846 0 0 0 0 324.066208200846 424.210491466315 424.210491466315 324.066208200846 0 324.066208200846 533.834560426384 324.066208200846 0 324.066208200846 648.132402674005 972.19859756546 1272.63146207983 1272.63146207983 1067.68017102144 908.211897964731 848.420972755028 848.420972755028 908.211897964731 1067.68017102144 972.19859756546 648.132402674005 324.066208200846 0 0 0 324.066208200846 0 0 0
1067.65806397908 1060.74395227247 774.631350181095 533.834560426384 424.210491466315 424.210491466315 533.834560426384 774.631350181095 1060.74395227247 1060.74395227247 774.631350181095 533.834560426384 424.210491466315 324.084409196692 0 0 0 0 324.084409196692 533.845609602939 774.661819567796 848.420972755028 908.21839256394 1067.70227337599 1290.42653599487 1549.35410173534 1364.01617951516 1060.79401454522 774.661819567796 533.845609602939 324.084409196692 0 0 0 0 0 324.084409196692 648.168804666513 324.084409196692 0 0 324.084409196692 324.084409196692 0 324.084409196692 648.168804666513 848.420972755028 908.21839256394 848.420972755028 774.661819567796 533.845609602939 424.210491466315 424.210491466315 533.845609602939 774.661819567796 774.661819567796 533.845609602939 324.084409196692 0 0 0 324.084409196692 0 0 0
1060.84406594065 1290.38538616184 1067.68017102144 908.211897964731 848.420972755028 848.420972755028 908.211897964731 1067.68017102144 1290.38538616184 1290.38538616184 1067.68017102144 908.211897964731 774.661819567796 533.845609602939 324.102609170403 0 0 0 0 324.102609170403 424.210480819579 424.210480819579 533.856658550811 774.692281926105 1060.84406594065 1290.46768101587 1296.41042832234 972.307823702992 648.205211582389 324.102609170403 0 0 0 324.102609170403 0 0 324.102609170403 648.205211582389 324.102609170403 0 0 324.102609170403 324.102609170403 0 324.102609170403 424.210480819579 424.210480819579 533.856658550811 424.210480819579 424.210480819579 324.102609170403 0 0 324.102609170403 648.205211582389 533.856658550811 324.102609170403 0 0 0 0 0 0 324.102609170403 324.102609170403
972.362425203472 1067.74647671254 908.231386595839 848.420972755028 908.231386595839 1067.74647671254 1290.5088282248 1428.19369637998 1601.53683536879 1601.53683536879 1428.19369637998 1290.42653599487 1060.84406594065 774.692281926105 533.856658550811 324.120808122152 0 0 0 0 0 0 324.120808122152 533.867724189775 774.722743086624 908.231386595839 1067.74647671254 972.362425203472 648.241616453559 324.120808122152 0 0 324.120808122152 533.856658550811 424.210480819579 424.210480819579 533.856658550811 648.241616453559 324.120808122152 0 0 0 0 0 324.120808122152 0 0 324.120808122152 0 0 0 0 0 324.120808122152 648.241616453559 324.120808122152 0 0 0 0 324.120808122152 324.120808122152 0 324.120808122152 533.856658550811
774.753208879038 774.753208879038 533.878772679971 424.210491466315 533.878772679971 774.753208879038 1060.94417016182 1272.63145498201 1313.26867801844 1428.25978177429 1313.26867801844 1272.63145498201 1290.46768101587 1060.89412348916 774.722743086624 533.867724189775 424.210491466315 324.139019985818 0 0 0 0 0 324.139019985818 424.210491466315 533.878772679971 774.753208879038 1060.89412348916 774.722743086624 533.867724189775 424.210491466315 424.210491466315 533.867724189775 774.722743086624 848.420972755028 848.420972755028 908.224887116708 774.722743086624 533.867724189775 424.210491466315 324.139019985818 0 0 324.139019985818 0 0 0 0 0 324.139019985818 0 324.139019985818 0 324.139019985818 533.878772679971 324.139019985818 0 0 0 324.139019985818 533.867724189775 533.867724189775 424.210491466315 533.867724189775 533.878772679971
424.210491466315 533.889820941526 324.157216893378 0 324.157216893378 648.314427029619 848.420972755028 848.420972755028 908.244370496368 1067.79067398948 908.244370496368 848.420972755028 908.244370496368 1067.79067398948 1067.74647671254 908.231386595839 774.753208879038 533.878772679971 324.157216893378 0 0 0 0 0 0 324.157216893378 533.889820941526 774.783667644171 1060.9942144738 908.231386595839 848.420972755028 848.420972755028 908.231386595839 1067.74647671254 1272.63146207983 1272.63146207983 1290.5088282248 1067.74647671254 908.231386595839 648.314427029619 324.157216893378 0 0 0 0 324.157216893378 424.210491466315 424.210491466315 424.210491466315 533.878772679971 424.210491466315 324.157216893378 0 0 324.157216893378 0 0 0 0 324.157216893378 648.314427029619 533.889820941526 424.210491466315 424.210491466315 324.157216893378
0 324.175426711633 0 0 324.175426711633 424.210470172842 424.210470172842 424.210470172842 533.900852055743 774.814113553768 533.900852055743 424.210470172842 533.900852055743 774.814113553768 848.420972755028 908.250869836075 1060.9942144738 774.783667644171 533.889820941526 324.175426711633 0 0 0 0 0 0 324.175426711633 648.350825768346 908.250869836075 1067.8127782864 1272.63146207983 1272.63146207983 1313.26419342924 1428.24326545576 1601.63629358148 1696.84194926312 1601.63629358148 1296.7016462455 972.526239175917 648.350825768346 324.175426711633 0 0 0 324.175426711633 533.889820941526 774.783667644171 848.420972755028 848.420972755028 648.350825768346 324.175426711633 0 0 0 0 0 324.175426711633 324.175426711633 0 324.175426711633 648.350825768346 324.175426711633 0 0 0
0 -9999 -9999 -9999 -9999 -9999 -9999 -9999 -9999 -9999 -9999 0 324.193593712976 533.911899860409 424.210470172842 533.911899860409 774.844564095912 908.257364156612 774.814113553768 533.900852055743 424.210470172842 424.210470172842 324.193593712976 0 0 0 324.193593712976 424.210470172842 533.911899860409 774.844564095912 1061.09428750422 1364.43132748925 1675.60120549482 1816.47575677001 1727.5409350279 1601.76888270664 1428.30934539449 1296.77442570561 972.580819126798 648.387201566706 324.193593712976 0 0 324.193593712976 533.900852055743 774.814113553768 1061.0442479122 1272.63145498201 1061.0442479122 774.814113553768 533.900852055743 324.193593712976 0 0 0 0 324.193593712976 0 0 324.193593712976 424.210470172842 324.193593712976 0 0 324.193593712976
0 -9999 -9999 -9999 -9999 0 -9999 -9999 -9999 -9999 -9999 0 0 324.211787557498 0 324.211787557498 424.210480819579 533.922964354488 774.875025098684 848.420972755028 848.420972755028 774.844564095912 533.911899860409 424.210470172842 324.211787557498 0 0 0 324.211787557498 648.423603185581 972.635409945472 1296.84721501189 1601.80203038779 1428.32587043511 1313.28664717354 1272.63145853092 1067.85696858974 908.26386340334 848.420972755028 774.844564095912 533.911899860409 324.211787557498 0 324.211787557498 648.423603185581 848.420972755028 848.420972755028 908.26386340334 1067.85696858974 972.635409945472 648.423603185581 324.211787557498 0 0 0 0 324.211787557498 0 0 0 0 0 324.211787557498 0 0
324.230008240681 324.230008240681 -9999 -9999 -9999 -9999 -9999 -9999 -9999 -9999 -9999 0 0 0 0 0 0 324.230008240681 424.210480819579 424.210480819579 424.210480819579 533.934011701621 774.90547324726 774.875025098684 533.922964354488 424.210480819579 324.230008240681 0 324.230008240681 648.460002761033 972.689997700316 1296.91999326799 1290.75565244082 1067.87906728504 908.27035763097 848.420972755028 774.90547324726 533.934011701621 424.210480819579 424.210480819579 424.210480819579 324.230008240681 0 324.230008240681 424.210480819579 424.210480819579 424.210480819579 533.934011701621 774.90547324726 774.90547324726 533.934011701621 324.230008240681 0 0 0 0 0 0 0 324.230008240681 324.230008240681 0 0 0 0
-9999 -9999 -9999 -9999 -9999 -9999 -9999 -9999 -9999 -9999 -9999 424.210470172842 324.248172183926 0 0 324.248172183926 0 0 0 0 0 324.248172183926 533.945050361529 774.935920199491 648.496372435381 324.248172183926 0 0 324.248172183926 648.496372435381 972.744573105836 1290.79677997308 1061.24437510029 774.935920199491 533.945050361529 424.210470172842 424.210470172842 324.248172183926 0 0 0 0 0 0 0 0 0 324.248172183926 648.496372435381 648.496372435381 324.248172183926 0 0 0 0 324.248172183926 0 0 0 0 324.248172183926 424.210470172842 424.210480819579 324.248172183926 0
-9999 -9999 -9999 -9999 -9999 -9999 -9999 -9999 -9999 -9999 -9999 -9999 -9999 -9999 -9999 -9999 -9999 -9999 -9999 -9999 -9999 -9999 -9999 -9999 -9999 324.266376894408 0 0 324.266376894408 648.532760962467 972.799150092342 1061.2944052564 774.9663776114 533.956105710191 324.266376894408 0 0 0 0 324.266376894408 324.266376894408 0 0 324.266376894408 424.210470172842 424.210470172842 424.210470172842 533.945050361529 424.210491466315 424.210491466315 324.266376894408 0 0 0 324.266376894408 0 0 324.266376894408 324.266376894408 0 0 0 324.266376894408 424.210491466315 424.210470172842
-9999 -9999 -9999 -9999 -9999 -9999 -9999 -9999 -9999 -9999 -9999 -9999 -9999 -9999 -9999 -9999 -9999 -9999 -9999 -9999 -9999 -9999 -9999 -9999 -9999 324.284580582912 0 324.284580582912 533.956105710191 774.9663776114 1061.2944052564 972.853724017086 648.569147447945 324.284580582912 0 0 324.284580582912 424.210491466315 424.210491466315 324.284580582912 0 0 324.284580582912 533.956105710191 774.9663776114 774.996822170909 533.967152371657 324.284580582912 0 0 0 0 0 0 0 0 324.284580582912 533.956105710191 533.956105710191 324.284580582912 0 0 0 0 0
-9999 -9999 -9999 -9999 -9999 -9999 -9999 -9999 -9999 -9999 -9999 -9999 -9999 -9999 -9999 -9999 -9999 -9999 -9999 -9999 -9999 -9999 -9999 -9999 -9999 324.302769322942 0 0 324.302769322942 648.605524928821 972.908290238359 972.908290238359 648.605524928821 324.302769322942 0 324.302769322942 533.967152371657 648.605524928821 324.302769322942 0 0 324.302769322942 533.967152371657 774.996822170909 775.027265534498 533.978198804595 324.302769322942 0 0 0 0 0 324.302769322942 324.302769322942 0 0 0 324.302769322942 533.978198804595 533.967152371657 324.302769322942 0 0 0 0
-9999 -9999 -9999 -9999 -9999 -9999 -9999 -9999 -9999 -9999 -9999 -9999 -9999 -9999 -9999 -9999 -9999 -9999 -9999 -9999 -9999 -9999 -9999 -9999 -9999 0 324.320957042902 0 324.320957042902 533.989253466974 775.057707702306 972.96285339942 648.641900369557 324.320957042902 0 324.320957042902 648.641900369557 648.641900369557 324.320957042902 0 324.320957042902 533.978198804595 775.027265534498 972.96285339942 648.641900369557 324.320957042902 0 0 324.320957042902 424.210491466315 424.210491466315 424.210491466315 533.978198804595 533.978198804595 324.320957042902 0 0 0 324.320957042902 324.320957042902 0 0 0 0 0
324.339157668069 424.210491466315 533.989253466974 533.989253466974 424.210491466315 324.339157668069 -9999 -9999 -9999 -9999 -9999 -9999 -9999 -9999 -9999 -9999 -9999 -9999 -9999 -9999 -9999 -9999 -9999 -9999 -9999 424.210491466315 324.339157668069 0 0 324.339157668069 648.678280733048 973.017413500784 648.678280733048 324.339157668069 0 324.339157668069 648.678280733048 648.678280733048 324.339157668069 0 0 324.339157668069 534.000299442725 775.088142847452 775.057707702306 533.989253466974 424.210491466315 424.210491466315 533.989253466974 775.057707702306 848.420972755028 848.420972755028 775.088142847452 534.000299442725 424.210491466315 324.339157668069 0 0 324.339157668069 324.339157668069 0 0 0 0 0
324.357329423296 648.714638169813 908.302828072628 908.302828072628 648.714638169813 324.357329423296 -9999 -9999 -9999 -9999 -9999 -9999 -9999 -9999 -9999 -9999 -9999 -9999 -9999 -9999 -9999 -9999 -9999 -9999 -9999 324.357329423296 324.357329423296 0 0 324.357329423296 648.714638169813 775.118588451148 534.011353647596 324.357329423296 0 324.357329423296 648.714638169813 775.088142847452 534.000299442725 324.357329423296 0 0 324.357329423296 424.210491466315 424.210491466315 534.011353647596 775.118588451148 848.420972755028 908.302828072628 1067.98953275791 1061.54447812232 775.118588451148 534.011353647596 324.357329423296 0 324.357329423296 0 0 0 0 0 0 324.357329423296 424.210491466315 324.357329423296
534.011353647596 775.118588451148 1061.54447812232 1061.54447812232 775.118588451148 534.011353647596 -9999 -9999 -9999 -9999 -9999 -9999 -9999 -9999 -9999 -9999 -9999 -9999 -9999 -9999 -9999 -9999 -9999 -9999 -9999 324.375528007619 324.375528007619 0 0 324.375528007619 648.751014454347 648.751014454347 324.375528007619 0 0 324.375528007619 648.751014454347 534.022382251354 424.210491466315 424.210491466315 324.375528007619 0 0 0 0 324.375528007619 424.210491466315 424.210491466315 534.022382251354 775.149021205895 973.126515244116 648.751014454347 324.375528007619 0 0 0 0 0 0 0 0 0 0 0 0
324.393669879933 648.787367815183 973.181056888152 1061.64447375838 775.179452765884 534.033427541866 -9999 -9999 -9999 -9999 -9999 -9999 -9999 -9999 -9999 -9999 -9999 -9999 -9999 -9999 -9999 -9999 -9999 -9999 -9999 324.393669879933 0 0 0 324.393669879933 648.787367815183 648.787367815183 324.393669879933 0 324.393669879933 534.022382251354 534.033427541866 324.393669879933 0 0 0 0 0 0 0 0 0 0 324.393669879933 648.787367815183 973.181056888152 775.149021205895 534.022382251354 324.393669879933 0 0 0 0 0 0 0 0 0 324.393669879933 424.210491466315
534.033427541866 775.179452765884 908.335287409088 908.335287409088 648.823733061138 324.41186642566 -9999 -9999 -9999 -9999 -9999 -9999 -9999 -9999 -9999 -9999 -9999 -9999 -9999 -9999 -9999 -9999 -9999 -9999 -9999 324.41186642566 0 0 0 324.41186642566 648.823733061138 648.823733061138 324.41186642566 0 324.41186642566 424.210480819579 324.41186642566 0 0 0 324.41186642566 424.210480819579 424.210491466315 424.210491466315 424.210491466315 424.210491466315 424.210491466315 424.210491466315 534.033427541866 775.179452765884 775.209877305146 534.044464146855 324.41186642566 0 0 0 0 0 0 0 324.41186642566 424.210480819579 424.210480819579 534.033427541866 324.41186642566
324.430048029579 424.210480819579 534.055508980672 534.055508980672 424.210480819579 324.430048029579 -9999 -9999 -9999 -9999 -9999 -9999 -9999 -9999 -9999 -9999 -9999 -9999 -9999 -9999 -9999 -9999 -9999 -9999 -9999 324.430048029579 324.430048029579 0 324.430048029579 534.044464146855 775.209877305146 534.055508980672 324.430048029579 0 324.430048029579 0 0 0 0 0 0 0 324.430048029579 424.210480819579 534.055508980672 424.210480819579 534.055508980672 775.240306476268 848.420972755028 775.240306476268 534.055508980672 324.430048029579 0 0 324.430048029579 424.210480819579 324.430048029579 0 0 0 0 0 0 324.430048029579 0
0 0 324.448214694201 324.448214694201 0 0 -9999 -9999 -9999 -9999 -9999 -9999 -9999 -9999 -9999 -9999 -9999 -9999 -9999 -9999 -9999 -9999 -9999 -9999 -9999 0 0 0 324.448214694201 648.896443518716 534.066562042806 324.448214694201 0 0 0 0 0 0 0 324.448214694201 0 0 0 0 324.448214694201 0 324.448214694201 424.210491466315 424.210491466315 424.210491466315 324.448214694201 0 0 324.448214694201 534.055508980672 648.896443518716 324.448214694201 0 0 324.448214694201 424.210480819579 324.448214694201 0 0 0
