Rnew_bats/Bats_data_products/roaddist.asc
NCOLS 434 
NROWS 250 
XLLCORNER -121.69454516 
YLLCORNER 39.36708274 
CELLSIZE 0.00381074763999997 
NODATA_value -9999 
[rows 112 to 139 of 250, columns 130 to 194 of 434]
534.684163664831 776.971677430067 1064.588210496 1272.63146207983 1272.63146207983 1313.60077706779 1313.60077706779 1272.63146207983 1272.63146207983 1272.63146207983 1064.63799867152 777.001996916384 534.695178391233 325.481969115208 0 0 0 0 0 325.481969115208 0 325.481969115208 325.481969115208 0 0 0 325.481969115208 325.481969115208 0 0 0 0 0 325.481969115208 534.695178391233 424.210491466315 424.210491466315 424.210491466315 424.210491466315 424.210491466315 534.684163664831 650.963910689889 325.481969115208 0 0 0 0 0 0 0 0 0 0 0 0 0 0 0 0 325.481969115208 534.684163664831 650.963910689889 325.481969115208 0 0
325.500035444158 651.000084975696 848.420972755028 848.420972755028 848.420972755028 908.724490325912 908.724490325912 848.420972755028 848.420972755028 848.420972755028 777.032309407201 534.706184444122 325.500035444158 0 0 325.500035444158 424.210491466315 424.210491466315 325.500035444158 0 0 325.500035444158 0 0 0 0 0 0 0 0 0 0 0 325.500035444158 325.500035444158 0 0 0 325.500035444158 424.210491466315 534.706184444122 651.000084975696 325.500035444158 0 325.500035444158 0 0 0 0 325.500035444158 424.210491466315 424.210491466315 325.500035444158 0 0 325.500035444158 325.500035444158 0 0 325.500035444158 651.000084975696 534.706184444122 325.500035444158 0 0
325.518142394441 424.210491466315 424.210491466315 424.210491466315 424.210491466315 534.717198716915 534.717198716915 424.210491466315 424.210491466315 424.210491466315 424.210491466315 325.518142394441 0 0 325.518142394441 534.706184444122 325.518142394441 0 0 0 325.518142394441 534.706184444122 325.518142394441 0 0 0 0 0 0 0 0 0 0 0 0 0 325.518142394441 0 0 0 325.518142394441 424.210491466315 424.210491466315 424.210491466315 325.518142394441 0 0 0 0 0 325.518142394441 424.210491466315 424.210491466315 424.210491466315 424.210491466315 534.706184444122 534.706184444122 424.210491466315 424.210491466315 534.706184444122 651.036278063519 325.518142394441 0 0 0
0 0 0 0 0 325.53622058978 325.53622058978 0 0 0 0 0 0 325.53622058978 534.717198716915 325.53622058978 0 0 325.53622058978 424.210491466315 534.717198716915 534.728221209105 325.53622058978 0 0 0 325.53622058978 0 0 0 0 325.53622058978 0 0 0 0 325.53622058978 424.210491466315 325.53622058978 0 0 0 0 325.53622058978 325.53622058978 0 0 0 0 0 0 0 0 325.53622058978 651.072455265468 777.092948277562 534.728221209105 424.210491466315 534.728221209105 777.092948277562 651.072455265468 325.53622058978 0 325.53622058978 0
0 0 0 0 325.554325527488 325.554325527488 0 0 325.554325527488 424.210491466315 424.210491466315 424.210491466315 424.210491466315 534.728221209105 651.108644330453 325.554325527488 0 325.554325527488 534.728221209105 534.739235027996 424.210491466315 325.554325527488 0 0 0 0 0 0 0 325.554325527488 325.554325527488 0 0 325.554325527488 0 0 0 0 0 0 0 0 0 325.554325527488 325.554325527488 0 0 325.554325527488 0 0 0 0 0 325.554325527488 534.739235027996 534.739235027996 325.554325527488 0 325.554325527488 651.108644330453 651.108644330453 325.554325527488 0 325.554325527488 424.210491466315
0 0 325.572429458388 0 325.572429458388 325.572429458388 0 325.572429458388 424.210491466315 534.750257065964 777.153570793385 848.420972755028 848.420972755028 848.420972755028 651.144817511777 325.572429458388 0 0 325.572429458388 325.572429458388 0 0 0 0 0 325.572429458388 0 0 0 0 0 0 0 0 0 0 325.572429458388 424.210491466315 325.572429458388 0 0 325.572429458388 0 0 0 0 0 325.572429458388 424.210491466315 325.572429458388 0 0 0 0 325.572429458388 325.572429458388 0 0 325.572429458388 651.144817511777 534.750257065964 325.572429458388 0 325.572429458388 651.144817511777
0 0 0 0 0 0 0 0 0 325.590504639473 424.210491466315 424.210491466315 424.210491466315 424.210491466315 424.210491466315 325.590504639473 0 0 325.590504639473 0 0 0 0 0 325.590504639473 424.210491466315 325.590504639473 0 0 0 0 0 0 0 0 0 0 0 0 0 0 0 0 0 0 0 0 0 325.590504639473 534.750257065964 325.590504639473 0 0 0 0 0 0 0 325.590504639473 534.76125353952 325.590504639473 0 0 325.590504639473 651.180988683677
0 0 0 0 0 0 0 0 0 0 0 0 0 0 0 0 0 0 0 0 325.60857881717 0 0 0 0 0 325.60857881717 0 0 0 325.60857881717 0 0 0 0 0 0 0 0 0 0 0 0 0 0 0 0 0 325.60857881717 424.210491466315 325.60857881717 0 0 0 0 0 0 0 0 325.60857881717 534.76125353952 424.210491466315 424.210491466315 534.76125353952 777.183871561058
325.626665861691 424.210491466315 325.626665861691 0 0 0 0 0 0 0 0 0 0 0 0 0 0 0 0 0 325.626665861691 0 0 0 325.626665861691 0 0 325.626665861691 0 325.626665861691 0 0 0 0 0 0 0 0 0 325.626665861691 325.626665861691 0 0 325.626665861691 424.210491466315 424.210491466315 325.626665861691 0 0 0 0 0 0 0 0 0 0 0 325.626665861691 0 325.626665861691 651.253331935567 848.420972755028 908.756894841842 1069.53351276848
0 0 0 0 0 325.644751901618 325.644751901618 0 0 0 0 325.644751901618 325.644751901618 0 0 0 0 0 325.644751901618 0 0 0 0 0 0 0 0 325.644751901618 325.644751901618 0 0 0 0 0 0 325.644751901618 0 0 0 325.644751901618 424.210491466315 325.644751901618 0 0 0 0 0 0 0 0 0 0 0 325.644751901618 424.210491466315 424.210491466315 424.210491466315 325.644751901618 0 0 325.644751901618 651.289504015455 976.934247307546 1302.57898892475 1429.5797202577
424.210491466315 325.662823068609 0 0 0 0 325.662823068609 0 0 0 0 0 0 0 0 0 0 0 0 325.662823068609 325.662823068609 0 0 0 325.662823068609 325.662823068609 0 325.662823068609 0 0 0 325.662823068609 0 0 0 0 0 325.662823068609 0 0 0 0 0 0 0 325.662823068609 424.210480819579 325.662823068609 0 0 325.662823068609 0 0 0 0 325.662823068609 0 0 0 325.662823068609 534.79429227487 777.274790019251 1065.08593663347 1369.94918151922 1682.62125207207
325.68089323288 0 0 0 0 0 325.68089323288 0 325.68089323288 0 0 0 0 0 325.68089323288 325.68089323288 0 0 0 0 0 0 325.68089323288 0 325.68089323288 534.80528784299 424.210480819579 534.80528784299 325.68089323288 0 0 0 325.68089323288 0 0 0 0 0 0 0 0 0 0 0 0 0 0 0 0 325.68089323288 325.68089323288 0 325.68089323288 0 0 0 0 325.68089323288 424.210480819579 534.80528784299 777.305086061578 1065.13568458247 1293.95697283346 1313.65008719127 1272.63146207983
534.816300074798 424.210480819579 424.210480819579 325.698976261565 0 0 0 0 325.698976261565 0 0 0 0 0 0 0 0 0 325.698976261565 325.698976261565 0 0 325.698976261565 424.210480819579 534.816300074798 777.335380923139 848.420972755028 651.397966602423 325.698976261565 0 0 0 0 0 325.698976261565 424.210480819579 325.698976261565 0 0 325.698976261565 424.210480819579 424.210480819579 325.698976261565 0 0 0 0 325.698976261565 424.210480819579 534.816300074798 325.698976261565 0 325.698976261565 424.210480819579 424.210480819579 424.210480819579 424.210480819579 534.816300074798 777.335380923139 908.782812652875 1069.62159735949 1293.99792532062 1069.66562849029 908.795768796353 848.420972755028
325.717058286323 424.210491466315 325.717058286323 0 0 0 0 325.717058286323 424.210491466315 424.210480819579 424.210480819579 325.717058286323 0 0 0 325.717058286323 0 0 0 0 0 0 325.717058286323 651.434116785007 908.789293232579 1069.64361315146 1065.23517775044 777.365680414027 534.827312079862 325.717058286323 0 0 0 0 325.717058286323 325.717058286323 0 0 325.717058286323 0 0 0 0 0 325.717058286323 424.210480819579 424.210480819579 534.827312079862 777.365680414027 534.838323858195 325.717058286323 0 0 325.717058286323 651.434116785007 848.420972755028 848.420972755028 908.789293232579 1069.64361315146 1294.03887651175 1370.22421966694 1065.28492720934 777.395978723972 534.838323858195 424.210491466315
0 0 325.735139307322 0 0 0 0 0 0 0 0 0 325.735139307322 325.735139307322 0 0 0 0 0 0 0 0 325.735139307322 651.470278827041 977.205418771551 1302.94055242053 1294.07982291688 1065.28492720934 777.395978723972 534.838323858195 325.735139307322 0 325.735139307322 0 0 0 0 0 0 0 325.735139307322 424.210491466315 424.210491466315 424.210491466315 534.838323858195 777.395978723972 848.420972755028 908.795768796353 651.470278827041 325.735139307322 0 0 0 325.735139307322 651.470278827041 977.205418771551 1272.63146207983 1313.65008719127 1429.66209006213 1604.48193437035 1302.94055242053 977.205418771551 651.470278827041 325.735139307322 0
0 0 0 0 0 325.75321932473 424.210470172842 325.75321932473 0 0 0 0 0 0 0 0 0 0 0 0 0 0 325.75321932473 651.506424997232 977.259635716149 1303.01284476158 1303.01284476158 977.259635716149 651.506424997232 325.75321932473 0 0 0 0 0 0 0 0 0 325.75321932473 534.849335409811 777.426275853115 848.420972755028 848.420972755028 908.802249283668 1069.68764759825 1272.63145498201 1065.33466586608 777.426275853115 534.849335409811 424.210491466315 424.210491466315 424.210491466315 534.849335409811 777.426275853115 1065.33466586608 1370.29296563424 1683.0585903355 1554.94340669935 1294.20265435943 1069.73167178831 908.815200180445 651.506424997232 325.75321932473 0
0 0 0 0 0 0 0 0 0 0 0 0 325.771270610932 0 0 325.771270610932 325.771270610932 0 0 325.771270610932 424.210470172842 424.210470172842 534.860329846363 777.456560183046 1065.38439796143 1272.63145853092 1313.67249308327 1065.38439796143 777.456560183046 534.860329846363 325.771270610932 0 0 325.771270610932 0 0 0 0 0 325.771270610932 651.542569162111 977.313849653036 1272.63145853092 1272.63145853092 1313.65905028154 1429.69503602333 1313.67249308327 1272.63145853092 1069.70966203083 908.808729724772 848.420972755028 848.420972755028 848.420972755028 908.808729724772 1069.70966203083 1294.1617118406 1313.67249308327 1272.63145853092 1272.63145853092 1065.43412349632 777.486843333355 534.871332500929 424.210470172842 424.210470172842 424.210470172842
0 325.789348623195 0 0 0 0 0 0 0 325.789348623195 325.789348623195 0 0 0 0 0 0 0 0 0 0 325.789348623195 651.578704390452 848.420972755028 848.420972755028 848.420972755028 908.828160831751 1069.77569838854 1065.43412349632 777.486843333355 534.871332500929 424.210470172842 424.210470172842 534.871332500929 424.210470172842 325.789348623195 0 0 0 325.789348623195 651.578704390452 977.368060582714 1303.1574139467 1555.06455781822 1294.28452853257 1069.77569838854 908.828160831751 848.420972755028 848.420972755028 908.828160831751 1069.77569838854 1272.63145853092 1272.63145853092 1313.66353008471 1294.28452853257 1069.77569838854 908.828160831751 848.420972755028 848.420972755028 908.828160831751 651.578704390452 325.789348623195 0 0 325.789348623195
0 0 0 325.807453357071 0 0 0 0 0 325.807453357071 0 0 0 325.807453357071 0 0 325.807453357071 0 0 0 0 325.807453357071 534.893362462072 424.210491466315 424.210491466315 424.210491466315 534.893362462072 777.547423521441 1065.53358455917 1069.75369375884 908.821690468352 848.420972755028 848.420972755028 908.821690468352 777.517136921821 534.882351816834 424.210491466315 424.210491466315 424.210491466315 534.882351816834 777.517136921821 1065.48386366607 1370.49917625486 1294.32546716643 1065.53358455917 777.547423521441 534.893362462072 424.210491466315 424.210491466315 534.893362462072 777.547423521441 1065.53358455917 1370.56789854472 1370.56789854472 1065.53358455917 777.547423521441 534.893362462072 424.210491466315 424.210491466315 534.893362462072 534.893362462072 325.807453357071 0 0 0
0 0 0 0 0 0 0 0 0 0 0 0 0 0 0 0 0 0 0 0 0 0 325.825501638615 0 0 0 325.825501638615 651.650975766635 908.84111632876 1069.81972317692 1294.36639752682 1272.63145853092 1272.63145853092 1294.28452853257 1069.77569838854 908.828160831751 848.420972755028 848.420972755028 848.420972755028 908.828160831751 1069.77569838854 1294.28452853257 1370.63661738893 1065.58330313226 777.5777089414 534.904355993691 325.825501638615 0 0 325.825501638615 651.650975766635 977.476478042969 1272.63146207983 1294.36639752682 977.476478042969 651.650975766635 325.825501638615 0 0 325.825501638615 325.825501638615 0 0 0 0
0 325.843548920476 0 0 0 325.843548920476 424.210491466315 325.843548920476 0 0 0 0 0 0 0 325.843548920476 0 0 325.843548920476 0 0 0 0 0 0 0 325.843548920476 424.210491466315 534.915366185996 777.607981565553 1065.63302786223 1370.70533278798 1683.58317493364 1604.68006300264 1429.76091935042 1313.67697627862 1272.63145853092 1272.63145853092 1272.63145853092 1313.67697627862 1272.63146207983 1313.6904223349 1303.37423246002 977.53067533349 651.687111914375 325.843548920476 0 0 325.843548920476 424.210491466315 534.915366185996 777.607981565553 848.420967431659 908.84758655386 777.607981565553 534.915366185996 325.843548920476 0 0 0 0 0 0 0 0
0 325.861622922914 0 0 0 325.861622922914 325.861622922914 0 0 0 0 325.861622922914 0 0 0 0 0 0 0 0 0 0 0 0 0 0 0 0 325.861622922914 651.723246058471 977.58487423933 1303.44649381809 1629.30811886744 1955.16974035999 1817.66927436567 1727.84109265974 1555.30680851344 1294.44825436497 1069.86374615369 908.854071641092 848.420972755028 908.854071641092 1069.86374615369 977.58487423933 651.723246058471 325.861622922914 0 0 0 0 325.861622922914 424.210480819579 424.210480819579 534.926367708545 651.723246058471 325.861622922914 0 0 0 0 325.861622922914 424.210480819579 424.210491466315 424.210491466315 325.861622922914
0 0 0 0 0 325.879682063649 0 0 0 325.879682063649 424.210480819579 534.926367708545 424.210480819579 325.879682063649 0 0 0 0 325.879682063649 424.210480819579 325.879682063649 0 0 0 0 0 325.879682063649 424.210480819579 534.926367708545 777.638264627056 1065.68273755779 1370.77404474241 1683.67058399733 2000.71366057862 2000.81957155762 1683.75798315861 1370.84274666342 1065.7324449347 777.668534893932 534.937369004836 424.210470172842 534.937369004836 777.668534893932 848.420972755028 777.638264627056 534.926367708545 424.210480819579 424.210480819579 325.879682063649 0 0 0 0 325.879682063649 424.210470172842 325.879682063649 0 0 325.879682063649 0 0 0 325.879682063649 424.210470172842 325.879682063649
0 0 0 0 0 0 0 325.897754062175 424.210470172842 534.937369004836 777.668534893932 908.854071641092 777.668534893932 534.937369004836 325.897754062175 0 0 0 325.897754062175 651.795501407809 325.897754062175 0 0 0 0 325.897754062175 534.937369004836 777.668534893932 908.854071641092 1069.86374615369 1294.44825436497 1555.30680851344 1837.05128166846 2131.41517779631 1955.38649486202 1629.48874684814 1303.59099758808 977.693249178871 651.795501407809 325.897754062175 0 325.897754062175 424.210491466315 424.210491466315 534.948378517675 777.69881559753 848.420972755028 777.668534893932 534.937369004836 424.210470172842 424.210470172842 325.897754062175 0 0 0 0 0 0 325.897754062175 325.897754062175 0 0 0 0 0
0 0 0 0 0 0 0 325.915811200868 651.831622614486 908.860541773962 1069.88574851991 977.747434453603 651.831622614486 325.915811200868 0 0 0 325.915811200868 534.948378517675 777.69881559753 534.948378517675 424.210491466315 424.210491466315 424.210491466315 424.210491466315 534.948378517675 777.69881559753 1065.78215423098 1294.48918084296 1429.82679016552 1604.81212203468 1821.77005278977 2067.529255557 2281.41066656392 1955.4948607937 1629.57904917314 1303.6632400021 977.747434453603 651.831622614486 325.915811200868 0 0 0 0 325.915811200868 651.831622614486 908.873496809399 1069.88574851991 908.860541773962 848.420972755028 777.69881559753 534.948378517675 424.210491466315 325.915811200868 0 325.915811200868 424.210491466315 325.915811200868 0 0 0 0 0 0 0
0 0 0 0 0 0 325.933867339173 534.959387803937 777.729095122156 1065.83186120887 1303.73547841303 977.801612106643 651.867741819619 325.933867339173 0 0 0 325.933867339173 651.867741819619 977.801612106643 908.867021799427 848.420972755028 848.420972755028 848.420972755028 848.420972755028 908.867021799427 1069.90775887636 1294.53010602707 1555.42791390517 1817.72108816157 1958.35560239023 2139.77149612294 2218.98911050371 2145.95567034866 2001.03137669859 1683.93276787265 1370.9801467658 1065.83186120887 777.729095122156 534.959387803937 325.933867339173 0 0 0 325.933867339173 424.210491466315 534.970379978749 777.759361853924 848.420978078396 848.420978078396 908.879981711754 908.867021799427 777.729095122156 534.959387803937 424.210491466315 534.959387803937 651.867741819619 325.933867339173 0 325.933867339173 424.210491466315 424.210491466315 424.210491466315 424.210491466315 424.210491466315
325.951950189671 0 0 0 0 325.951950189671 534.970379978749 777.759361853924 1065.8815573941 1294.57102293988 1371.04883835924 1065.8815573941 777.759361853924 534.970379978749 424.210491466315 424.210491466315 424.210491466315 534.970379978749 777.759361853924 1065.8815573941 1313.70386481561 1272.63146207983 1272.63146207983 1272.63146207983 1272.63146207983 1313.70386481561 1429.85972601445 1604.87814184731 1696.84194926312 1727.87175379863 1817.78584773923 1958.49084544076 1817.78584773923 1727.87175379863 1696.84194926312 1727.87175379863 1555.48845725808 1294.57102293988 1065.8815573941 777.759361853924 534.970379978749 424.210491466315 325.951950189671 0 0 0 325.951950189671 424.210491466315 424.210491466315 424.210491466315 534.981388812247 777.78963902147 848.420972755028 848.420972755028 848.420972755028 908.873496809399 777.759361853924 534.970379978749 424.210491466315 534.970379978749 777.759361853924 848.420972755028 848.420972755028 848.420972755028 848.420972755028
0 0 0 0 325.969990470725 534.981388812247 777.78963902147 1065.93125973658 1294.6119455368 1555.54900115804 1555.54900115804 1294.6119455368 1069.95176978856 908.879981711754 848.420978078396 848.420978078396 848.420978078396 908.879981711754 1069.95176978856 1294.6119455368 1555.54900115804 1696.84194926312 1696.84194926312 1605.01016206978 1429.92558596088 1313.72178332536 1272.63146207983 1272.63146207983 1272.63146207983 1313.72178332536 1429.92558596088 1605.01016206978 1429.92558596088 1313.72178332536 1272.63146207983 1313.72178332536 1429.92558596088 1555.54900115804 1294.6119455368 1069.95176978856 908.879981711754 651.939967298867 325.969990470725 0 0 0 0 0 0 0 325.969990470725 424.210491466315 424.210491466315 424.210491466315 424.210491466315 534.992388977113 777.819903397339 908.879981711754 848.420978078396 908.879981711754 1069.95176978856 1272.63146207983 1272.63146207983 1065.98095128784 777.819903397339
