Rnew_bats/Bats_data_products/topo.asc
NCOLS 434 
NROWS 250 
XLLCORNER -121.69454516 
YLLCORNER 39.36708274 
CELLSIZE 0.00381074763999997 
NODATA_value -9999 
[rows 176 to 197 of 250, columns 350 to 399 of 434]
1573.9841315996 1582.27253556257 1605.19654186905 1632.65045555271 1670.68413538062 1716.47878422705 1774.01004981708 1849.89490125654 1897.63766139342 1835.062244392 1772.32843625244 1700.12603025715 1627.92362426158 1599.96116832132 1581.08204943973 1592.4977303652 1620.74380279132 1652.3975104058 1688.1154775751 1728.71453996995 1782.56012566312 1836.97402315984 1897.71112488428 1958.44822660871 1904.51100226182 1837.21591692402 1824.79621374756 1834.91355380975 1818.10906229781 1776.65922268103 1735.20938306441 -9999 -9999 -9999 -9999 -9999 -9999 -9999 -9999 -9999 -9999 -9999 -9999 -9999 -9999 -9999 -9999 -9999 -9999 -9999
1583.15332503415 1604.48894190871 1635.56125882946 1669.64720978679 1704.01833723299 1738.59866078662 1791.58248387028 1873.34548718357 1929.01891627911 1882.42012121507 1835.17930514437 1749.55857212756 1663.93783911042 1623.97256001937 1593.38124893821 1592.82772227699 1608.96180123853 1630.25802952745 1657.71111251699 1691.1728888171 1740.94131193575 1792.67826074018 1866.3176051266 1939.95694951301 1919.74208648915 1888.59459801241 1876.46548747802 1872.14712903558 1842.83724823722 1790.64910351261 1738.4609587882 -9999 -9999 -9999 -9999 -9999 -9999 -9999 -9999 -9999 -9999 -9999 -9999 -9999 -9999 -9999 -9999 -9999 -9999 -9999
1579.70657414322 1621.95357952682 1670.10476575574 1720.08337198003 1756.95762946323 1784.21896703867 1828.00782278767 1897.64222076565 1947.39240371316 1919.19563053715 1889.88892650911 1794.23072700795 1698.57252750644 1651.69264606775 1614.82791843384 1604.90907359513 1609.96011664688 1624.27415705459 1649.63610119322 1677.74095513551 1713.28963406795 1751.80702928925 1823.35523482475 1894.90344036026 1924.29130120142 1948.76810615894 1933.11766074619 1900.98715558658 1852.81729035727 1789.96433749301 1727.11138462898 -9999 -9999 -9999 -9999 -9999 -9999 -9999 -9999 -9999 -9999 -9999 -9999 -9999 -9999 -9999 -9999 -9999 -9999 -9999
1564.92815679582 1610.61010106918 1663.37758512247 1718.33813497288 1759.3366981626 1790.09320643038 1831.65982422391 1890.13116656933 1935.23765030063 1927.95332823969 1919.19283599384 1822.18711733285 1725.18139867149 1676.23170955512 1637.14887411992 1620.86481078268 1617.24669218147 1625.142953297 1646.77232409008 1669.23075211319 1693.93911081899 1722.09881737899 1788.65923495541 1855.21965253182 1913.67142497239 1971.1786603203 1953.84787016471 1905.7814796315 1850.27503012198 1787.9576456697 1725.64026121764 -9999 -9999 -9999 -9999 -9999 -9999 -9999 -9999 -9999 -9999 -9999 -9999 -9999 -9999 -9999 -9999 -9999 -9999 -9999
1536.93985417964 1565.68357376067 1608.53911832334 1655.76245442536 1702.77520815691 1749.63348557671 1797.10632167169 1845.54019753271 1887.49461332989 1904.04927416935 1918.88004784693 1830.65711235974 1742.43417687221 1697.06249736843 1660.48902855434 1641.33711162123 1631.86380423748 1634.00024512926 1649.98354102487 1666.45805447738 1684.26565497518 1705.40389066821 1763.59975284096 1821.79561501371 1885.36818754174 1949.56706721258 1932.70206576804 1882.54453638392 1833.13490133404 1784.40991941268 1735.6849374915 -9999 -9999 -9999 -9999 -9999 -9999 -9999 -9999 -9999 -9999 -9999 -9999 -9999 -9999 -9999 -9999 -9999 -9999 -9999
1515.6300926364 1531.28762010998 1565.84414713304 1606.25015786516 1655.42129125901 1711.02223080302 1760.87685766643 1801.74546706022 1841.90989487336 1879.31390138316 1914.8531929961 1838.92011512564 1762.98703725489 1721.12298723753 1686.25398271336 1665.46210118302 1652.49081898658 1651.35575507678 1664.33765516305 1676.37380069461 1685.84331739303 1698.35681509411 1744.7385404439 1791.1202657937 1852.5019576073 1915.63092340765 1901.1698678372 1854.84298103863 1814.00015310069 1778.1776574264 1742.35516175224 -9999 -9999 -9999 -9999 -9999 -9999 -9999 -9999 -9999 -9999 -9999 -9999 -9999 -9999 -9999 -9999 -9999 -9999 -9999
1511.93300974958 1524.6629428319 1555.17405736341 1591.18867650861 1632.34962771288 1677.28575911725 1720.22754055405 1760.05058052239 1802.01710374258 1852.38617112801 1901.03158467291 1846.63723696672 1792.24288926032 1753.70086194301 1718.41362964866 1699.21997792949 1688.96717623923 1691.12280418844 1708.07786809144 1719.75156830126 1717.09247966442 1716.75309607636 1742.22343291704 1767.69376975772 1807.60218325011 1849.19241888611 1842.24662600655 1815.36733052145 1789.6051854647 1764.86572570022 1740.12626593583 -9999 -9999 -9999 -9999 -9999 -9999 -9999 -9999 -9999 -9999 -9999 -9999 -9999 -9999 -9999 -9999 -9999 -9999 -9999
1508.40412511281 1518.29861918904 1545.91208347594 1579.00979719717 1613.66694801306 1649.46805067184 1686.18565299474 1724.33646691837 1767.21620038889 1828.63349663814 1888.5130801017 1856.46842994944 1824.42377979706 1790.18294842635 1755.49119759885 1737.29808038597 1728.2708419619 1732.72858557479 1753.26976067675 1764.49173126783 1750.42284930013 1738.06187099689 1744.70353103358 1751.34519107027 1771.4173185737 1793.05389667047 1793.1833259475 1784.47987746037 1772.60364990895 1757.82293035505 1743.04221080122 -9999 -9999 -9999 -9999 -9999 -9999 -9999 -9999 -9999 -9999 -9999 -9999 -9999 -9999 -9999 -9999 -9999 -9999 -9999
1506.61537289288 1514.6278420033 1551.21808572711 1596.65351866872 1640.39147716256 1682.88422414425 1720.50239790695 1750.49777031202 1785.09455488342 1837.72906795886 1889.47612531313 1888.1712162691 1886.86630722506 1867.05692647087 1843.44821155319 1820.07203909386 1796.82505648366 1793.35738079151 1813.48032812329 1823.326858537 1805.28481275257 1789.50249993084 1798.86264047371 1808.22278101659 1825.39449090491 1843.47613295514 1846.12824714003 1842.44353189509 1832.09251084003 1815.63888020541 1799.18524957085 -9999 -9999 -9999 -9999 -9999 -9999 -9999 -9999 -9999 -9999 -9999 -9999 -9999 -9999 -9999 -9999 -9999 -9999 -9999
1504.82662067295 1510.95706481756 1556.52408797829 1614.2972401403 1667.11600631211 1716.30039761672 1754.81914281921 1776.65907370571 1802.97290937799 1846.8246392796 1890.43917052455 1919.87400258881 1949.30883465318 1943.93090451553 1931.40522550771 1902.84599780189 1865.37927100555 1853.98617600835 1873.69089556995 1882.16198580627 1860.14677620512 1840.94312886488 1853.02174991394 1865.10037096301 1879.37166323622 1893.8983692399 1899.07316833267 1900.40718632992 1891.58137177122 1873.45483005587 1855.32828834059 -9999 -9999 -9999 -9999 -9999 -9999 -9999 -9999 -9999 -9999 -9999 -9999 -9999 -9999 -9999 -9999 -9999 -9999 -9999
1503.14564946558 1506.64013658233 1537.83241837215 1577.5975242574 1626.87359466746 1683.126596326 1731.96551697413 1769.21038328086 1807.00903325003 1846.97853838106 1886.78740257507 1916.99317628163 1947.19894998831 1956.15147570624 1960.7402891046 1946.47908719216 1921.74568742751 1913.21983268214 1924.02458877559 1926.74937336575 1907.54638850622 1891.61353521306 1912.06512723363 1932.51671925419 1948.02272061853 1962.95263390137 1959.91115646848 1949.48891932751 1928.16857583504 1896.87165909285 1865.57474235078 -9999 -9999 -9999 -9999 -9999 -9999 -9999 -9999 -9999 -9999 -9999 -9999 -9999 -9999 -9999 -9999 -9999 -9999 -9999
1501.47647569261 1502.2524823032 1516.51402488327 1534.94951448922 1579.30115268548 1642.66402643711 1702.85416833212 1758.08282875668 1809.53002190463 1846.15370487422 1882.63050896104 1910.32691604653 1938.02332313212 1961.29525007695 1983.65874370806 1985.82791697412 1976.77805859121 1972.30078105343 1973.27718454759 1969.7772397185 1954.12919090551 1942.19963496369 1971.64312404317 2001.08661312266 2018.27994398823 2034.04631281143 2021.61309955661 1997.59845988472 1962.24902301811 1916.52324820466 1870.79747339137 -9999 -9999 -9999 -9999 -9999 -9999 -9999 -9999 -9999 -9999 -9999 -9999 -9999 -9999 -9999 -9999 -9999 -9999 -9999
1502.34973649726 1502.05089435948 1509.12673580718 1518.48513678295 1554.56396721801 1610.24402724242 1663.96207403548 1714.61194717519 1761.79169332591 1795.36839627182 1828.84148316858 1856.12041859746 1883.39935402644 1911.05768231226 1938.79390745809 1949.60221962279 1951.00616521047 1951.34449011849 1950.41185766464 1946.79599026866 1935.89824605336 1928.74840556377 1963.29884391099 1997.84928225821 2027.70030930891 2057.0039245283 2058.78954514773 2049.27366389663 2018.85927625172 1969.31353925831 1919.76780226508 -9999 -9999 -9999 -9999 -9999 -9999 -9999 -9999 -9999 -9999 -9999 -9999 -9999 -9999 -9999 -9999 -9999 -9999 -9999
1504.23868458794 1503.52161467998 1507.30483895677 1512.48096223072 1538.94932905994 1581.03698655346 1621.16263081566 1658.22010142444 1693.97507051376 1724.6241790684 1755.22471979099 1782.92188299006 1810.61904618922 1838.69560224522 1866.85005516124 1883.18495430222 1892.9534552935 1898.41380460578 1898.73585546248 1897.44449700861 1891.77459992058 1889.71464923369 1927.82002362746 1965.92539802123 2012.81671660956 2060.73146760203 2086.16820234692 2102.37332896204 2084.47005117567 2035.34254195244 1986.21503272939 -9999 -9999 -9999 -9999 -9999 -9999 -9999 -9999 -9999 -9999 -9999 -9999 -9999 -9999 -9999 -9999 -9999 -9999 -9999
1506.33741217522 1505.42283274163 1507.06118245892 1509.48969662061 1526.89102652133 1555.27592236165 1583.37757286911 1611.03628759336 1639.26852944435 1669.74902166456 1700.14702403805 1725.61379607273 1751.0805681075 1780.13133423926 1809.91796527047 1827.95629043283 1839.4677994913 1848.81398120941 1855.57759412355 1863.46169795904 1874.38663759251 1887.70967048576 1927.71459409197 1967.71951769819 2016.55280352438 2066.41446282659 2098.44693262082 2123.15704402742 2111.32295464979 2066.03480598724 2020.74665732485 -9999 -9999 -9999 -9999 -9999 -9999 -9999 -9999 -9999 -9999 -9999 -9999 -9999 -9999 -9999 -9999 -9999 -9999 -9999
1508.62386075922 1507.70928132563 1508.22981294264 1509.19452990869 1518.01510776182 1532.59848718612 1550.07963314297 1572.09227296974 1596.29353341037 1629.07427836658 1661.6589965283 1682.52526309099 1703.39152965376 1733.91402613496 1766.41913767236 1782.73973666191 1790.06896801858 1802.19477682766 1820.04142565165 1843.23156131109 1880.92307823623 1918.83986055932 1959.26301193572 1999.68616331212 2036.95069424972 2073.84729267628 2097.21350666021 2115.02285985878 2103.49341118642 2065.10602073188 2026.71863027747 -9999 -9999 -9999 -9999 -9999 -9999 -9999 -9999 -9999 -9999 -9999 -9999 -9999 -9999 -9999 -9999 -9999 -9999 -9999
1512.52342127941 1512.32181360237 1511.45747860624 1510.3880209714 1513.55330158737 1519.82504712118 1530.50701274463 1548.0856296601 1568.42459626039 1599.58424929153 1630.54695039675 1649.73589568934 1668.92484098201 1697.74958749469 1728.5527546476 1744.00610682652 1750.93181079114 1767.04724743172 1794.12320559848 1827.69401697243 1878.89083651718 1929.59822248094 1974.8600265182 2020.12183055546 2053.30324405088 2085.07747092397 2103.93066467783 2117.47725516768 2106.02432332638 2071.68580405359 2037.34728478093 -9999 -9999 -9999 -9999 -9999 -9999 -9999 -9999 -9999 -9999 -9999 -9999 -9999 -9999 -9999 -9999 -9999 -9999 -9999
1519.5411106308 1521.43064180466 1518.66523815844 1514.45907224722 1517.62392977582 1526.19592804564 1537.46529386219 1552.95277192675 1569.75551602977 1591.7141581169 1613.69260063296 1636.85470974227 1660.01681885166 1681.01724244226 1701.57382922569 1717.80390247991 1731.63036465251 1754.07434814827 1786.79638121249 1821.22720544792 1860.2954196574 1900.97804948538 1959.62314216848 2018.26823485159 2061.83619132815 2103.64788468561 2126.01621999713 2140.39926602734 2128.58188990753 2092.7795734391 2056.97725697081 -9999 -9999 -9999 -9999 -9999 -9999 -9999 -9999 -9999 -9999 -9999 -9999 -9999 -9999 -9999 -9999 -9999 -9999 -9999
1528.06652701689 1532.59519593529 1528.10747955354 1520.82907582404 1523.83484385442 1534.38474256985 1546.43466075061 1560.83029206443 1575.37783403121 1590.52087212314 1605.87500569524 1633.84839457623 1661.82178345732 1677.46739201089 1690.58186335114 1707.36761271793 1726.19295458528 1752.24033861011 1786.90139523246 1819.77846395101 1847.81407061251 1878.86349474181 1943.44553816304 2008.02758158426 2060.42564365922 2111.40445231701 2137.99426953111 2154.56765072126 2145.2375036108 2112.19420495067 2079.15090629066 -9999 -9999 -9999 -9999 -9999 -9999 -9999 -9999 -9999 -9999 -9999 -9999 -9999 -9999 -9999 -9999 -9999 -9999 -9999
1544.86502659669 1555.03977041253 1549.81059692664 1539.81371269094 1541.78976916305 1552.54878176358 1566.43910196551 1585.22612486625 1604.54758056164 1625.96403520631 1647.64319303467 1685.02670674473 1722.41022045493 1746.25150667332 1767.31230564705 1783.44083030017 1796.82921115517 1811.52678352169 1827.78581825598 1845.86448826652 1868.88136168583 1892.44606539655 1922.10609000748 1951.76611461842 2004.45391944328 2059.82411968799 2094.5111949246 2120.70381482897 2129.50837787568 2122.39520096685 2115.28202405806 -9999 -9999 -9999 -9999 -9999 -9999 -9999 -9999 -9999 -9999 -9999 -9999 -9999 -9999 -9999 -9999 -9999 -9999 -9999
1561.66352617649 1577.48434488977 1571.51371429973 1558.79834955785 1559.74469447169 1570.71282095731 1586.44354318042 1609.62195766808 1633.71732709207 1661.40719828947 1689.41138037411 1736.20501891323 1782.99865745253 1815.03562133575 1844.04274794296 1859.51404788241 1867.46546772506 1870.81322843326 1868.6702412795 1871.95051258203 1889.94865275915 1906.02863605129 1900.76664185193 1895.50464765258 1948.48219522734 2008.24378705896 2051.0281203181 2086.83997893668 2113.77925214056 2132.59619698304 2151.41314182545 -9999 -9999 -9999 -9999 -9999 -9999 -9999 -9999 -9999 -9999 -9999 -9999 -9999 -9999 -9999 -9999 -9999 -9999 -9999
1578.36827668648 1592.75511943434 1598.27237171811 1601.04437154605 1612.39892314041 1630.04935287146 1645.96679541756 1659.17421259884 1674.42117555819 1697.66324343024 1721.24460433468 1765.10885048474 1808.97309663496 1842.74022299124 1874.43421087663 1897.38313507063 1915.47370579921 1926.18444230178 1928.09330885374 1932.92859283942 1945.70571260684 1956.91789517307 1950.71812630537 1944.51835743767 1957.66639994611 1973.06817599453 1995.41731115729 2020.61969173895 2047.15469700426 2074.90964152709 2102.66458604982 -9999 -9999 -9999 -9999 -9999 -9999 -9999 -9999 -9999 -9999 -9999 -9999 -9999 -9999 -9999 -9999 -9999 -9999 -9999
