Rnew_bats/Bats_data_products/topo.asc
NCOLS 434 
NROWS 250 
XLLCORNER -121.69454516 
YLLCORNER 39.36708274 
CELLSIZE 0.00381074763999997 
NODATA_value -9999 
[rows 132 to 153 of 250, columns 350 to 399 of 434]
1490.00354753648 1489.87483396027 1489.49520559999 1489.03791588319 1488.77016375565 1488.64145017945 1488.69110144244 1489.01967758303 1489.49352014276 1490.53681315257 1491.69129106023 1499.49238504612 1507.29347903204 1517.40474126927 1527.99032675648 1525.69101914107 1516.23346005206 1507.0169009219 1498.08778053782 1491.52828325654 1491.39956968034 1491.31918111519 1491.776470832 1492.2337605488 1492.80633489008 1493.39233818309 1494.1608239819 1495.00425442731 1495.57889334746 1495.90746948806 1496.23604562865 -9999 -9999 -9999 -9999 -9999 -9999 -9999 -9999 -9999 -9999 -9999 -9999 -9999 -9999 -9999 -9999 -9999 -9999 -9999
1488.37313891594 1488.45353922482 1488.24613067383 1487.9496415748 1487.8241808072 1487.8241808072 1488.00254564639 1488.4598353632 1488.99372796578 1489.82790709049 1490.77990320907 1498.77498108413 1506.77005895922 1518.45069202002 1530.88804248123 1528.49424147632 1517.86093774586 1507.64473746336 1497.92601316644 1490.8241808072 1490.8241808072 1490.86189139839 1491.3191811152 1491.776470832 1492.2337605488 1492.6910502656 1493.14833998239 1493.6056296992 1494.062919416 1494.5202091328 1494.97749884959 -9999 -9999 -9999 -9999 -9999 -9999 -9999 -9999 -9999 -9999 -9999 -9999 -9999 -9999 -9999 -9999 -9999 -9999 -9999
1486.74273029539 1487.03224448937 1487.19363812351 1487.31537679466 1487.3668910904 1487.3668910904 1487.54525592959 1488.00254564639 1488.49393578879 1489.11900102841 1489.79651350409 1493.60931367734 1497.42211385061 1502.66506733304 1508.20165958623 1506.97293069875 1501.98570186573 1497.41557648069 1493.34292708125 1490.3668910904 1490.3668910904 1490.40460168159 1490.86189139839 1491.3191811152 1491.776470832 1492.2337605488 1492.69105026559 1493.1483399824 1493.6056296992 1494.062919416 1494.52020913279 -9999 -9999 -9999 -9999 -9999 -9999 -9999 -9999 -9999 -9999 -9999 -9999 -9999 -9999 -9999 -9999 -9999 -9999 -9999
1485.344227912 1485.80151762879 1486.2588073456 1486.7160970624 1486.93344721193 1486.9747855742 1487.16224090274 1487.57819225727 1488.0025456464 1488.4598353632 1488.91780521272 1489.41643329179 1489.91506137085 1490.03429659312 1490.07563495539 1489.796426336 1489.33913661921 1489.28009756102 1489.69604891555 1490 1490 1490.0377105912 1490.495000308 1490.9522900248 1491.4095797416 1491.8668694584 1492.29485563102 1492.71080698556 1493.1699216247 1493.66854970377 1494.16717778283 -9999 -9999 -9999 -9999 -9999 -9999 -9999 -9999 -9999 -9999 -9999 -9999 -9999 -9999 -9999 -9999 -9999 -9999 -9999
1484.8869381952 1485.34422791199 1485.80151762879 1486.2588073456 1486.59678384855 1486.84723609591 1487.08067649593 1487.28751396537 1487.5452559296 1488.0025456464 1488.46395600949 1489.17169797364 1489.8794399378 1490.20778904516 1490.45824129252 1490.2537160528 1489.79642633601 1489.64201871901 1489.84885618846 1490 1490 1490.0377105912 1490.495000308 1490.9522900248 1491.4095797416 1491.8668694584 1492.1466209736 1492.35345844304 1492.82180461871 1493.52954658287 1494.23728854702 -9999 -9999 -9999 -9999 -9999 -9999 -9999 -9999 -9999 -9999 -9999 -9999 -9999 -9999 -9999 -9999 -9999 -9999 -9999
1484.43246294141 1484.88747624256 1485.34248954371 1485.79750284486 1486.25514242517 1486.71470855762 1486.99502194 1486.99502194 1487.0879662128 1487.5452559296 1488.0100693528 1488.92464878639 1489.83922821999 1490.3763034372 1490.83586956965 1490.708954533 1490.2562176475 1490.00891793701 1490.00664152136 1490.00497806 1490.00497806 1490.04250092562 1490.49751422677 1490.95252752792 1491.4095797416 1491.8668694584 1492.00161368383 1492.00389009947 1492.48007836736 1493.39010496966 1494.30013157196 -9999 -9999 -9999 -9999 -9999 -9999 -9999 -9999 -9999 -9999 -9999 -9999 -9999 -9999 -9999 -9999 -9999 -9999 -9999
1484.23371269475 1484.47961211081 1484.72551152687 1484.97141094293 1485.46118934499 1486.12986936253 1486.5377322232 1486.5377322232 1486.630676496 1487.0879662128 1487.552779636 1488.46735906959 1489.38193850319 1490.09250617244 1490.76118618998 1490.97781554385 1490.94330642853 1490.82812881181 1490.61673851107 1490.4622677768 1490.4622677768 1490.48254597685 1490.72844539291 1490.97434480897 1491.4095797416 1491.8668694584 1492.14984834125 1492.36123864199 1492.71902266255 1493.21082149467 1493.70262032679 -9999 -9999 -9999 -9999 -9999 -9999 -9999 -9999 -9999 -9999 -9999 -9999 -9999 -9999 -9999 -9999 -9999 -9999 -9999
1484.03496244809 1484.07174797906 1484.10853351003 1484.145319041 1484.66723626481 1485.54503016745 1486.0804425064 1486.0804425064 1486.1733867792 1486.630676496 1487.09548991919 1488.01006935279 1488.92464878639 1489.80870890768 1490.68650281032 1491.2466765547 1491.63039520956 1491.6473396866 1491.22683550077 1490.9195574936 1490.9195574936 1490.92259102808 1490.95937655905 1490.99616209002 1491.4095797416 1491.8668694584 1492.29808299867 1492.71858718451 1492.95796695773 1493.03153801967 1493.10510908161 -9999 -9999 -9999 -9999 -9999 -9999 -9999 -9999 -9999 -9999 -9999 -9999 -9999 -9999 -9999 -9999 -9999 -9999 -9999
1484.80296603408 1484.45830932584 1484.3768472104 1484.3768472104 1484.80501122736 1485.54726230684 1486 1486 1486.0929442728 1486.5502339896 1487.01221212503 1487.75446320451 1488.49671428398 1489.23896536346 1489.98121644294 1490.54027786959 1490.99756758639 1491.27353026144 1491.333225607 1491.3768472104 1491.3768472104 1491.3768472104 1491.3768472104 1491.3768472104 1491.63207796894 1491.91703933162 1492.3241591752 1492.781448892 1493 1493 1493 -9999 -9999 -9999 -9999 -9999 -9999 -9999 -9999 -9999 -9999 -9999 -9999 -9999 -9999 -9999 -9999 -9999 -9999 -9999
1485.77733469117 1485.01445021274 1484.8341369272 1484.8341369272 1485.14167459074 1485.67481178512 1486 1486 1486.0929442728 1486.5502339896 1487.00877161146 1487.54190880585 1488.07504600023 1488.60818319462 1489.14132038901 1489.62569843599 1490.08298815279 1490.64505650425 1491.33209350509 1491.8341369272 1491.8341369272 1491.8341369272 1491.8341369272 1491.8341369272 1491.9020710817 1491.97791855929 1492.3241591752 1492.781448892 1493 1493 1493 -9999 -9999 -9999 -9999 -9999 -9999 -9999 -9999 -9999 -9999 -9999 -9999 -9999 -9999 -9999 -9999 -9999 -9999 -9999
1486.25740867668 1485.47609565059 1485.291426644 1485.291426644 1485.47833795411 1485.80236126341 1486 1486 1486.0929442728 1486.5502339896 1487.00533109789 1487.32935440719 1487.65337771648 1488.0879662128 1488.5452559296 1489.17388836244 1489.89771089424 1490.58697503395 1491.23502165254 1491.708573356 1491.708573356 1491.71956322703 1491.85282963454 1491.98609604204 1492.11936244955 1492.25262885705 1492.52111719865 1492.84514050795 1493.06957479156 1493.20284119906 1493.33610760657 -9999 -9999 -9999 -9999 -9999 -9999 -9999 -9999 -9999 -9999 -9999 -9999 -9999 -9999 -9999 -9999 -9999 -9999 -9999
1486.45615892334 1485.88395978234 1485.7487163608 1485.7487163608 1485.81500131749 1485.92991074169 1486 1486 1486.0929442728 1486.5502339896 1487.00189058432 1487.11680000853 1487.23170943273 1487.63067649599 1488.0879662128 1488.98545965649 1490.12750995847 1490.85352763314 1491.08334648155 1491.2512836392 1491.2512836392 1491.2795181758 1491.6218984684 1491.96427876099 1492.30665905359 1492.64903934619 1492.83017225803 1492.94508168223 1493.17874750236 1493.52112779496 1493.86350808755 -9999 -9999 -9999 -9999 -9999 -9999 -9999 -9999 -9999 -9999 -9999 -9999 -9999 -9999 -9999 -9999 -9999 -9999 -9999
1486.4758377532 1485.92434357552 1485.86593247496 1485.96013693585 1486 1486 1486 1486 1486.0929442728 1486.5502339896 1487.00154992924 1487.09575439013 1487.18995885102 1487.5072417001 1487.87032695602 1488.82135679273 1490.09902148224 1490.7939939224 1490.7939939224 1490.8193596892 1490.91356415009 1491.02994198022 1491.39302723614 1491.75611249205 1492.203573664 1492.6608633808 1492.8607726826 1492.95497714348 1493.18955700443 1493.55264226034 1493.91572751625 -9999 -9999 -9999 -9999 -9999 -9999 -9999 -9999 -9999 -9999 -9999 -9999 -9999 -9999 -9999 -9999 -9999 -9999 -9999
1486.27708750654 1485.51647944377 1485.5683310582 1485.87164940418 1486 1486 1486 1486 1486.0929442728 1486.5502339896 1487.00499044281 1487.30830878879 1487.61162713477 1487.79103896486 1487.94501033568 1488.68692628731 1489.75547709172 1490.3367042056 1490.3367042056 1490.41837658459 1490.72169493057 1491.01269731465 1491.16666868547 1491.3206400563 1491.7462839472 1492.203573664 1492.55171762322 1492.8550359692 1493.08038429362 1493.23435566444 1493.38832703526 -9999 -9999 -9999 -9999 -9999 -9999 -9999 -9999 -9999 -9999 -9999 -9999 -9999 -9999 -9999 -9999 -9999 -9999 -9999
1486.2513324344 1485.33675300081 1485.42768230255 1485.82982950509 1486 1486 1486 1486 1486.0929442728 1486.5502339896 1487.00843095638 1487.52086318745 1488.03329541852 1488.1205855112 1488.1205855112 1488.63763249417 1489.44192689923 1489.90456280505 1489.95970531932 1490.1231311576 1490.5804208744 1491 1491 1491 1491.36019035908 1491.76233756161 1492.20357366399 1492.66086338079 1492.8794144888 1492.8794144888 1492.8794144888 -9999 -9999 -9999 -9999 -9999 -9999 -9999 -9999 -9999 -9999 -9999 -9999 -9999 -9999 -9999 -9999 -9999 -9999 -9999
1486.7086221512 1485.79404271761 1485.72528371931 1485.91831703675 1486 1486 1486 1486 1486.0929442728 1486.5502339896 1487.01187146995 1487.73341758611 1488.45496370227 1488.577875228 1488.577875228 1488.82606120012 1489.212127835 1489.54264164705 1489.80689804641 1490.1231311576 1490.5804208744 1491 1491 1491 1491.17289375504 1491.36592707248 1491.74628394719 1492.203573664 1492.422124772 1492.422124772 1492.422124772 -9999 -9999 -9999 -9999 -9999 -9999 -9999 -9999 -9999 -9999 -9999 -9999 -9999 -9999 -9999 -9999 -9999 -9999 -9999
1487.14603054143 1486.24753167549 1486.02288513607 1486.00680456842 1486 1486 1486 1486 1486.08967589258 1486.53088504173 1486.97961789727 1487.87811676322 1488.77661562917 1488.94301143926 1488.95909200691 1488.97517257456 1488.99125314221 1489.20121801414 1489.64242716328 1490.0879662128 1490.5452559296 1490.9648350552 1490.9648350552 1490.9648350552 1490.9792379042 1490.99531847185 1491.3127601357 1491.75396928484 1491.9732302852 1491.98931085285 1492.0053914205 -9999 -9999 -9999 -9999 -9999 -9999 -9999 -9999 -9999 -9999 -9999 -9999 -9999 -9999 -9999 -9999 -9999 -9999 -9999
1487.34478078809 1486.65539580724 1486.32048655283 1486.09529210009 1486 1486 1486 1486 1486.04717343239 1486.27926869645 1486.51888766691 1487.20827264776 1487.89765762862 1488.2019244577 1488.42711891044 1488.65231336319 1488.87750781593 1489.10584945533 1489.33794471939 1489.63067649599 1490.08796621279 1490.5075453384 1490.5075453384 1490.5075453384 1490.70924479144 1490.93443924419 1491.16452547827 1491.39662074233 1491.6251132792 1491.85030773195 1492.07550218469 -9999 -9999 -9999 -9999 -9999 -9999 -9999 -9999 -9999 -9999 -9999 -9999 -9999 -9999 -9999 -9999 -9999 -9999 -9999
1487.54353103475 1487.06325993899 1486.61808796959 1486.18377963176 1486 1486 1486 1486 1486.0046709722 1486.02765235117 1486.05815743654 1486.5384285323 1487.01869962807 1487.46083747614 1487.89514581398 1488.32945415181 1488.76376248964 1489.01048089652 1489.03346227549 1489.1733867792 1489.630676496 1490.0502556216 1490.0502556216 1490.0502556216 1490.43925167869 1490.87356001652 1491.01629082085 1491.03927219981 1491.27699627321 1491.71130461104 1492.14561294888 -9999 -9999 -9999 -9999 -9999 -9999 -9999 -9999 -9999 -9999 -9999 -9999 -9999 -9999 -9999 -9999 -9999 -9999 -9999
1487.74228128141 1487.47112407073 1487.05782812321 1486.60053840641 1486.29966444131 1486.11353193518 1486 1486 1486 1486 1486.00446130137 1486.27561851205 1486.54677572272 1486.97235876159 1487.42964847839 1487.88693819519 1488.34422791199 1488.5929659048 1488.5929659048 1488.71609706239 1489.17338677919 1489.60831540116 1489.79444790729 1489.98058041341 1490.24286682206 1490.51402403274 1490.72490974137 1490.9110422475 1491.2387386088 1491.6960283256 1492.1533180424 -9999 -9999 -9999 -9999 -9999 -9999 -9999 -9999 -9999 -9999 -9999 -9999 -9999 -9999 -9999 -9999 -9999 -9999 -9999
1487.94103152807 1487.87898820248 1487.51511784001 1487.0578281232 1486.63632780469 1486.24108141347 1486 1486 1486 1486 1486.0010207878 1486.06306411339 1486.12510743897 1486.51506904479 1486.9723587616 1487.4296484784 1487.88693819519 1488.135676188 1488.135676188 1488.2588073456 1488.7160970624 1489.16827034993 1489.56351674115 1489.95876313236 1490.05557021802 1490.11761354361 1490.415854682 1490.81110107321 1491.2387386088 1491.6960283256 1492.1533180424 -9999 -9999 -9999 -9999 -9999 -9999 -9999 -9999 -9999 -9999 -9999 -9999 -9999 -9999 -9999 -9999 -9999 -9999 -9999
1488.3216135288 1488.3216135288 1487.97240755681 1487.51511784001 1486.97299116806 1486.36863089176 1486.05736454535 1486.20443510486 1486.3216135288 1486.3216135288 1486.32403325457 1486.47110381407 1486.61817437358 1486.90060203893 1487.21082119622 1487.52104035352 1487.83125951081 1488.06707305589 1488.2141436154 1488.4051440403 1488.7153631976 1489.0377105912 1489.495000308 1489.9522900248 1490 1490 1490.42841315143 1491.03277342774 1491.5603521376 1492.0176418544 1492.4749315712 -9999 -9999 -9999 -9999 -9999 -9999 -9999 -9999 -9999 -9999 -9999 -9999 -9999 -9999 -9999 -9999 -9999 -9999 -9999
