Rnew_bats/Bats_data_products/topo.asc
NCOLS 434 
NROWS 250 
XLLCORNER -121.69454516 
YLLCORNER 39.36708274 
CELLSIZE 0.00381074763999997 
NODATA_value -9999 
[rows 22 to 43 of 250, columns 150 to 199 of 434]
1370 1370 1370 1370 1370 1370 1370 1370 1370 1370.51528990591 1373.06849358613 1376.1850409551 1416.23590200193 1456.28676304876 1498.51546376978 1541.19584838345 1585.44064871047 1630.55998913352 1688.58640445465 1762.09596667363 1833.03356321667 1896.94027334185 1959.67347674826 2009.09889296899 2058.52430918972 2073.46314044956 2084.3232493155 2088.63244734656 2090.23254714263 2081.23799536385 2062.48895129002 2042.39140672165 2019.60307508321 2003.56714458233 2026.69831924451 2049.82949390661 2037.57579621969 2023.85736981182 1966.63454546809 1896.66918566067 1845.23685365829 1806.86244543124 1784.88377742021 1787.51320157607 1784.06130451613 1758.1481321988 1732.39709822802 1712.65738679297 1692.91767535791 1649.82558921917
1370 1370 1370 1370 1370 1370 1370 1370 1370 1370.47308635004 1372.81717614517 1375.8377075622 1423.20755458723 1470.57740161227 1513.37053995008 1555.21446902339 1594.86712897897 1633.29482507909 1679.40076508022 1734.71741929627 1782.75746037492 1810.90569614958 1840.65953005137 1888.62114907646 1936.58276810155 1986.70935131279 2037.09198446088 2075.15421240285 2108.1213949626 2120.69528336308 2114.49307239468 2104.28951025654 2086.10168409012 2074.69700897451 2102.63780299379 2130.57859701296 2099.23909832726 2065.44573895059 2005.61589139027 1938.15989820395 1895.73886462284 1870.95685892674 1856.88470463904 1858.88678713962 1856.36694070846 1837.14541271404 1817.98716493066 1801.17504788688 1784.3629308431 1722.78206412771
1370 1370 1370 1370 1370 1370 1370 1370 1370 1370.33917173266 1372.01972962081 1374.29867329083 1415.80938365918 1457.32009402753 1498.16310338508 1538.8676315701 1579.84337455946 1620.97073212244 1663.44567581989 1707.53716503537 1741.55415824452 1748.03087834733 1756.80559464772 1791.64002058196 1826.47444651619 1876.15025681699 1927.58135506043 1977.96067450989 2027.9050358067 2058.30400298059 2070.70753207613 2078.02448484161 2075.19172399864 2078.63829168808 2118.50792074075 2158.37754979326 2128.45303245286 2095.63944178845 2051.4455023422 2003.9182332828 1969.88879162547 1945.36959315146 1930.5986355832 1930.45864968887 1927.03339757786 1911.47406042706 1895.54099467781 1865.75184125911 1835.9626878404 1771.26883584577
1370 1370 1370 1370 1370 1370 1370 1370 1370 1370.17035750917 1371.01445985695 1372.3061507424 1402.94293908599 1433.57972742958 1471.51571795789 1510.96556283236 1555.51536015113 1602.91613426686 1644.91454904809 1680.43236897484 1703.80340770389 1693.96924476962 1686.33140346533 1703.60026305191 1720.86912263849 1756.53232288646 1794.37101859901 1848.91022589091 1910.35585086773 1957.15540301385 1990.47032061842 2018.20997887391 2034.82480934445 2057.01172034249 2111.51932135153 2166.02692236038 2145.31872697966 2121.49703337419 2099.88114301633 2078.91133736351 2053.03766533858 2023.70884750746 2004.96443070087 2002.10596430035 1997.07608331462 1984.02611278491 1970.03672543677 1921.21820847477 1872.39969151277 1810.44393905697
1370 1370 1370 1370 1370 1370 1370 1370 1370 1370.06960379362 1370.41448278307 1371.04770908866 1390.58575395282 1410.12379881697 1446.04516684897 1485.36443568635 1536.12656688553 1593.28549010172 1631.13735233581 1645.82873369314 1652.83434594713 1638.82965852914 1626.57346400403 1634.14550815718 1641.71755231034 1670.93532739848 1702.71313931231 1747.79037807069 1798.36753198569 1842.47538622151 1880.6269583247 1917.40557375301 1951.44460244481 1988.62935977559 2044.0608240048 2099.49228823381 2082.16611090288 2061.82818871637 2065.19417052023 2075.50307882247 2070.48594753035 2054.67045889954 2044.83677376205 2043.98107740388 2038.7387166873 2017.29427222615 1994.98537818578 1940.62678496201 1886.26819173824 1830.25403934367
1370 1370 1370 1370 1370 1370 1370 1370 1370 1370.02740023775 1370.16316534211 1370.42077247212 1378.66666754134 1386.91256261055 1421.58700661586 1461.74273099361 1520.9868189964 1590.90168920318 1621.44980132997 1604.77409992362 1590.49401683131 1582.76274596604 1576.0343544984 1580.67880426028 1585.32325402216 1614.6053979147 1646.80143759871 1670.698284173 1691.16303863487 1716.1547478734 1745.3144229177 1781.33894075231 1831.06151082597 1880.02457055491 1924.58211275939 1969.13965496369 1950.17644078759 1928.58383529054 1958.99961717856 2004.64877206121 2031.41422655308 2044.87468183508 2055.03556329208 2060.24416960155 2055.98694811312 2016.76782341926 1977.31035067114 1929.01606011501 1880.72176955889 1833.40508068869
1370.4737168 1370.27237042385 1370.05232408167 1370 1370 1370 1370 1370 1370 1370 1370 1370.02806548651 1371.89617906957 1373.76429265264 1406.09199388843 1444.73701282325 1503.4350810995 1573.34321045017 1596.29652404134 1562.92349601693 1537.80374236977 1535.2456563463 1533.06371412047 1535.14731339472 1537.23091266897 1561.50009069364 1588.39315325107 1596.44096013385 1596.6954005409 1607.08846132447 1626.81614662553 1657.75300841252 1711.05657104791 1761.33483184484 1794.06491787513 1826.7950039053 1812.07324419108 1795.38725296463 1843.35613231843 1910.26256788168 1953.65187932197 1980.47159309877 2005.00488741173 2026.10653300637 2031.94430935778 1981.40519713527 1931.18256101417 1892.69336094279 1854.20416087142 1818.46368973996
1371.82426086491 1371.04888554722 1370.20149754976 1370 1370 1370 1370 1370 1370 1370 1370 1370.06890640681 1374.65550049607 1379.24209458532 1407.18734087044 1439.97717102271 1481.41886442209 1527.69712475742 1542.5169230155 1519.59958924566 1502.97526007746 1503.55388233034 1504.10195011074 1504.30352441917 1504.5050987276 1514.36340590455 1525.36381319508 1527.43066026939 1525.80307571062 1529.95915926863 1539.44026420027 1557.26825936291 1591.75157234006 1623.9783313102 1643.11601480956 1662.25369830885 1662.65420086111 1662.27909267179 1710.22312464633 1772.31994085249 1804.27502317701 1814.99296780176 1843.49233581309 1898.67954467758 1931.47423385747 1881.56246329023 1832.39006195974 1810.62997269566 1788.86988343158 1770.03406716455
1375.08073261773 1373.17924249855 1371.15592350005 1370.43960031621 1370.13101880922 1370 1370 1370 1370 1370 1370 1370.13138178283 1378.8765034109 1387.62162503897 1412.42568268395 1440.56036324752 1465.48387737547 1488.612284373 1495.0771293815 1481.55259800879 1472.54446473136 1475.88264008539 1478.77244881969 1476.57769565065 1474.38294248161 1471.09439163293 1467.67647752331 1465.6490492112 1464.19664973322 1463.06619042058 1462.23214131456 1467.28332461738 1484.07785346192 1499.3997016283 1506.17930862471 1512.95891562109 1525.20542225023 1537.67822685292 1582.90350027106 1637.72204506419 1660.6620901344 1661.14131423996 1693.62939151155 1774.15902094781 1827.77543510639 1781.98826327365 1737.19496003828 1729.24960068213 1721.30424132598 1721.7259223993
1388.05544537205 1382.21277906439 1376.21629624918 1373.12070320587 1370.93009673306 1370 1370 1370 1370 1370 1370 1370.30417029181 1390.55055559989 1410.79694090797 1438.788971942 1468.3874497012 1480.55681130719 1482.98294368071 1479.96373329528 1470.41236573929 1464.53728066047 1468.71191155487 1471.96369451436 1464.75020810314 1457.53672169192 1447.5464583035 1437.2277859859 1440.72620272712 1449.93861138876 1448.36783195345 1436.86897470785 1430.83647871178 1435.71151610615 1439.97487039355 1440.69017472233 1441.4054790511 1448.79249412299 1456.45567936858 1485.22606026156 1520.17878597108 1546.43914611305 1566.57507541716 1603.16727967828 1664.4584316862 1707.61351927239 1683.78330537412 1660.34282702282 1651.35189824122 1642.36096945961 1674.0371876164
1401.03015812638 1391.24631563025 1381.27666899831 1375.80180609553 1371.7291746569 1370 1370 1370 1370 1370 1370 1370.4769588008 1402.2246077889 1433.972256777 1465.15226120009 1496.21453615493 1495.62974523894 1477.35360298842 1464.85033720903 1459.27213346977 1456.53009658957 1461.54118302433 1465.15494020901 1452.9227205556 1440.6905009022 1423.99852497402 1406.77909444843 1415.803356243 1435.68057304428 1433.66947348628 1411.50580810108 1394.38963280612 1387.34517875028 1380.55003915869 1375.20104081982 1369.85204248098 1372.3795659956 1375.23313188409 1387.54862025187 1402.63552687775 1432.21620209149 1472.00883659419 1512.70516784484 1554.75784242439 1587.45160343815 1585.5783474744 1583.49069400722 1573.45419580016 1563.4176975931 1626.3484528334
1419.67844071855 1422.57204511424 1425.99803033509 1420.24921860424 1411.63815815621 1397.987757835 1380.61896216554 1370 1370 1370.61859757438 1373.68367916312 1377.19589659854 1410.02353186492 1442.85116713131 1459.35136581541 1472.46525457054 1469.07351832021 1456.45480310887 1448.10005617461 1444.86030607142 1444.49226757211 1451.97451972789 1457.89957861429 1446.16577257844 1434.43196654259 1413.44905556456 1391.37225455681 1392.93175432592 1404.26593464407 1401.54367643972 1385.87965981181 1373.27525485218 1366.7759744737 1359.61418950384 1348.60956604251 1337.60494258123 1332.9346204624 1328.5265017228 1333.94657212697 1342.24534111451 1364.60832085147 1396.88060379921 1427.33194799634 1455.05027568952 1479.00866348328 1489.07976559748 1498.65433952935 1489.81999839525 1480.98565726114 1548.25763919012
1438.4593067356 1454.41871209778 1471.64621373465 1465.6726515959 1452.46108567585 1426.62955058876 1391.48607468662 1370 1370 1371.25165091247 1377.45344077758 1384.06780878756 1417.73189959431 1451.39599040106 1452.79883823453 1447.51070510164 1441.54447589428 1435.19917723568 1431.31152341882 1430.37202605163 1432.3602479962 1442.35186677306 1450.63378042925 1439.52731604868 1428.4208516681 1403.20334215237 1376.31692178753 1370.10808713732 1372.45037039654 1369.01062442678 1360.24736600684 1352.51917531886 1346.85635048075 1339.57777374028 1322.92707538149 1306.27637702276 1294.35356519261 1282.62646047481 1281.37450452124 1283.19074307095 1298.08976870215 1322.20661013132 1342.07764846546 1355.57623197244 1370.83957967208 1392.62105935137 1413.63140491632 1406.05174709277 1398.47208926921 1469.45637130834
1487.97926599398 1494.82316231088 1502.87870155463 1484.66683993462 1458.26037359236 1427.72570047547 1394.14493297847 1372.90774370001 1371.0896986144 1372.02362211074 1383.84127264169 1395.91775836945 1424.96416945971 1454.01058054998 1448.68748457891 1436.23615372361 1427.27279679697 1420.25928800058 1413.52140076803 1407.11414531649 1404.48741701717 1412.19537446215 1418.18844211028 1404.73433651761 1391.28023092493 1370.67689288811 1349.22801637599 1340.11952415381 1336.11433956956 1331.58977377627 1326.587013871 1321.5879642586 1316.59631813489 1309.8863034582 1293.20894228476 1276.53158111138 1265.51500788704 1254.7327584893 1250.21492660977 1247.53195663323 1255.30201858343 1270.43703436419 1282.60227605396 1290.31023349895 1300.65939977795 1320.76383411919 1340.24792605688 1336.73265758528 1333.21738911367 1394.07435845256
1545.65228264573 1537.49742891971 1530.28765455184 1496.65108992445 1454.77019608545 1421.51580507736 1394.62668190325 1376.58672034062 1372.46842251899 1372.83243907013 1390.9235061538 1409.08805348826 1432.07016191088 1455.0522703335 1445.22361362435 1428.59000506723 1416.51742324767 1406.99454783018 1395.46562226873 1381.53026695392 1372.43958524094 1376.59260663938 1379.06462976348 1362.47381589444 1345.88300202541 1332.24083149761 1318.94739650401 1308.23058609504 1298.57932661334 1292.87251198882 1290.79734647481 1287.95796079506 1283.59365632662 1277.63398295824 1262.42041898043 1247.20685500268 1239.26049378782 1231.61495266644 1224.73467228946 1218.0785384962 1218.80848766733 1224.74249250409 1229.96435557051 1234.11737696896 1240.55517467935 1255.43176189332 1269.95162839849 1271.24597928398 1272.54033016946 1319.59924881137
1599.33177409159 1576.58361258857 1554.10852460904 1510.04979563296 1459.25764802324 1423.81875109807 1399.70861098711 1383.30758822745 1379.03469061872 1379.14041138749 1396.56307665981 1413.96488393806 1429.9991855376 1446.03348713713 1438.02864184693 1425.03807810751 1414.84807028447 1406.22362998826 1393.65575502041 1376.35739086077 1363.07479053121 1360.76993365813 1357.34982364492 1341.28253300058 1325.21524235624 1316.55116023311 1308.76265429177 1298.69794072363 1287.69191224226 1283.58275638608 1285.82354893614 1287.29064512908 1287.21391381698 1284.56978937273 1267.03357621015 1249.49736304763 1236.71403597506 1224.12745085183 1210.6142028794 1196.82953328574 1191.0662348084 1190.95460068481 1192.89313832131 1197.90874445036 1204.63756237194 1217.69410420101 1230.42550553111 1231.10223596177 1231.77896639243 1263.42690743557
1650.38828423195 1613.31311287901 1575.57271128785 1524.37752788217 1468.98487480044 1431.71300373277 1407.8119775069 1392.02639614478 1389.0081818466 1389.06027569385 1401.25509383891 1413.39449628811 1421.90069802436 1430.40689976061 1428.38305132992 1424.17527076431 1419.14649288511 1413.65876086526 1402.51634039293 1384.59063457801 1368.60840740183 1357.93899512514 1347.06940081612 1333.92970456305 1320.79000830998 1315.80151137705 1311.77705536733 1303.84909844661 1294.30686716087 1293.6212370172 1301.08987669452 1308.27350303385 1314.88841604467 1317.24469069417 1294.8988581745 1272.55302565492 1249.73923108027 1226.90606558758 1203.95493677126 1180.9692562336 1169.07189577464 1164.98709783431 1166.04626409352 1174.8259201542 1184.60592296328 1198.08069256253 1211.10949505272 1207.60394778156 1204.09840051041 1219.27597985376
1687.07036898538 1639.41304420999 1590.0677521818 1534.7986753586 1477.68156358493 1439.44679791394 1415.14481504405 1400.3129430709 1400.37962367059 1402.9470521423 1415.404657922 1427.78538366989 1435.12564963208 1442.46591559426 1441.885697616 1439.66277147136 1437.30177750581 1434.86360082961 1425.05948192006 1406.41928151714 1388.51394620062 1372.61748409854 1357.21697268583 1347.44063548768 1337.66429828953 1333.12418209157 1329.20335283889 1323.82099668238 1317.83423297778 1321.34790604273 1333.60862818366 1346.62583771161 1361.15253610357 1369.42177361103 1341.39479240698 1313.36781120302 1277.14135864399 1240.57549547265 1207.80117132623 1176.13739744093 1157.14615713933 1147.0836779295 1144.91046675134 1154.57812596361 1164.73752491855 1176.71315776795 1188.27077958664 1184.33053072101 1180.39028185538 1186.86898280242
1703.63702497509 1650.63806183574 1594.81023936971 1539.7529867292 1484.93612769153 1446.95604812169 1421.39938194126 1407.99458823975 1413.7073437369 1422.38508622069 1442.78901963386 1463.11293140593 1478.1904111165 1493.26789082708 1487.78175761303 1478.0307316051 1474.84821783178 1475.33763554686 1466.74985724772 1447.27320130444 1428.53141044755 1411.79849280511 1395.95127836093 1390.14810497951 1384.3449315981 1375.7370781285 1366.79751563363 1364.53289265606 1365.02865938929 1373.82725102064 1390.27025086338 1409.2848464499 1433.43078355607 1448.8900166304 1413.96227721834 1379.0345378064 1324.66242334245 1269.48542439796 1226.34869963917 1186.73859812041 1159.31031835139 1140.46505596771 1131.76669393638 1138.29764487228 1145.09756522456 1152.89092037214 1160.50242559056 1161.37179608202 1162.24116657349 1170.89632602092
1711.22322480724 1657.8847824171 1600.91252897158 1544.80719344419 1488.97230910086 1449.53363196722 1422.19328162904 1412.00400654234 1428.7971183675 1447.77711813372 1475.40601438867 1502.95535985272 1525.28914345055 1547.62292704839 1539.69740376122 1525.49610100113 1521.26926923062 1522.61836893421 1513.70374651616 1492.47690629641 1472.84791649433 1457.58691064484 1443.30128356405 1440.07663540215 1436.85198724024 1424.1149071428 1410.25279337798 1408.2422116373 1411.1327749889 1422.45557937313 1441.54194536213 1463.40951652357 1490.82668217727 1508.30887693978 1468.1635638336 1428.01825072757 1362.35575452062 1295.63699476134 1244.26015633909 1197.37700099243 1162.24138131249 1135.38279153275 1120.8710456246 1124.89047110358 1129.10979055517 1134.06741561205 1138.97325559763 1141.95915022397 1144.94504485031 1154.69839804188
1688.74019126352 1651.81098339822 1611.56784076 1550.19587942966 1482.23238975102 1435.59853269556 1404.70324631084 1403.71771906858 1449.78677480657 1493.10490244844 1525.54341806048 1557.91494931863 1585.89480781394 1613.87466630924 1611.76841146727 1603.42229748973 1597.40515323851 1592.68995027444 1578.28144311569 1552.24498353885 1531.55889080724 1525.49889590175 1519.49920865715 1514.18342164433 1508.86763463151 1491.7954432864 1473.33282404959 1461.98779273733 1453.58620629401 1458.18956075604 1474.76656012395 1488.95868703356 1498.39205856939 1500.59645158068 1460.86936624469 1421.14228090884 1367.14291616896 1312.552761745 1260.0418564388 1208.13996784995 1167.74025901085 1135.44470821874 1117.50278558325 1121.10398329204 1125.35061562604 1131.98115176364 1138.33472596569 1134.41986238402 1130.50499880235 1137.74619521375
1663.60369936813 1642.84365267082 1619.13098197101 1553.11960250594 1473.91235336233 1421.33703939408 1388.41272463714 1396.87261350611 1470.43889237674 1536.62803169696 1573.64141163928 1610.60742731935 1644.46811573894 1678.32880415852 1682.83742915458 1681.25843694837 1673.94592642471 1663.42826293829 1643.62351793436 1612.678119566 1590.62279588084 1592.86993700953 1594.29450850612 1586.39098547028 1578.48746243443 1556.97112020323 1533.84479221798 1513.64504670245 1494.65557554468 1492.80656038154 1506.73875753598 1513.5148791894 1506.01182518858 1493.81451069599 1454.38827561677 1414.9620405377 1371.79747780488 1328.47816996437 1275.00201997163 1218.55090819424 1173.20300893003 1135.67816503388 1114.41264405277 1117.55046879391 1121.77349759759 1130.00471249998 1137.73710851497 1126.97566096226 1116.21421340955 1120.88373366359
