Rnew_bats/Bats_data_products/topo.asc
NCOLS 434 
NROWS 250 
XLLCORNER -121.69454516 
YLLCORNER 39.36708274 
CELLSIZE 0.00381074763999997 
NODATA_value -9999 
[rows 0 to 21 of 250, columns 150 to 199 of 434]
1531.98494022109 1531.57411848183 1531.1852873828 1535.42364261356 1541.10553476469 1541.33413752347 1537.53890255355 1533.32705871572 1528.45979814749 1524.8390140835 1526.14790476803 1527.45529389232 1528.66423672615 1529.87317955997 1533.56773808027 1537.77781323028 1545.36984063679 1554.85244790975 1562.27723199677 1567.23348011191 1571.06359674955 1571.81524986657 1572.74963596083 1575.75624842892 1578.762860897 1581.8257911378 1584.89538207175 1585.07569999473 1584.06117271042 1581.22964545177 1576.72520690156 1573.73689978496 1573.77386916979 1574.03109184905 1575.56588731602 1577.100682783 1577.97417761406 1578.8202984299 1582.146504807 1586.19913379233 1591.75376872156 1598.36668076197 1596.67737236663 1582.52740022688 1571.76183427007 1573.49652543846 1574.90374179951 1564.16974215602 1553.43574251253 1568.31591947814
1524.11505215079 1522.21258255749 1520.15084037773 1524.62895727648 1531.14730496797 1533.65629265642 1533.20687984794 1531.12187563421 1526.46372895108 1522.75663388107 1522.81084125505 1522.87925511507 1523.8790840638 1524.87891301254 1530.09629312502 1536.18839324085 1540.96783957434 1545.01348583493 1551.56465232521 1561.12140591235 1568.26385074088 1568.8063899728 1569.48082489821 1571.65098182593 1573.82113875365 1577.16959965246 1580.65741835659 1581.69977130909 1581.73081345024 1578.52949613263 1572.35214650169 1567.48149272475 1565.21820937357 1563.54417827591 1565.28808762798 1567.03199698005 1569.52021865831 1572.03925055488 1574.77400934114 1577.57195501592 1577.94621196281 1576.61279636975 1571.57604099416 1560.98100490095 1552.61196929396 1552.46463549653 1552.32484612884 1552.46476851008 1552.60469089131 1576.25226119629
1514.71470244356 1512.75398105749 1510.62956460649 1514.59740306095 1520.46583385327 1525.05175747808 1528.69135305081 1529.38010273554 1525.42652741734 1521.92859145614 1520.23265803973 1518.57780436691 1519.61624817047 1520.65469197403 1525.89863174942 1532.01479128166 1535.14279609772 1536.60036185504 1542.42378730915 1553.48443711927 1562.00372694594 1563.57579599239 1565.19881101425 1567.39956299133 1569.60031496842 1572.55065697129 1575.58965285588 1576.71461699206 1577.04804233889 1573.89455419521 1567.53066592308 1562.18133464584 1558.85644225828 1556.36230246976 1558.6869188168 1561.01153516384 1564.41560864942 1567.86436540695 1570.12672056363 1572.04157603775 1570.29568276272 1565.97051433464 1560.21305906084 1552.30590842445 1545.70386885239 1543.92223882907 1542.33678094208 1548.02445743973 1553.71213393738 1583.92032856345
1504.26101421363 1503.2285742828 1502.14972725726 1505.09107299273 1509.28659270432 1515.80942872167 1524.04952976639 1527.95727138079 1525.04926548804 1521.96384561421 1518.17677334689 1514.46533852496 1515.71289621361 1516.96045390227 1521.20115272865 1526.06262895034 1528.33834525918 1529.16856936123 1534.36465316007 1544.79796131491 1553.3620019808 1556.81609599307 1560.21946141322 1563.04755504557 1565.87564867793 1567.95735073824 1569.95077719737 1570.62191492054 1570.74622638229 1567.92799338598 1562.40056065421 1557.53862561797 1554.00461934531 1551.45511523798 1554.61618712539 1557.77725901279 1561.61618433528 1565.48316886299 1567.35505226429 1568.64256608314 1566.88272094531 1562.9757802874 1558.3054808788 1552.48946909333 1547.22114926278 1543.97572204382 1541.01434085944 1548.58404232291 1556.15374378638 1591.40375640634
1495.07085402374 1494.35746023982 1493.64576325299 1495.78712243607 1498.81854560699 1505.83524213263 1515.79256625568 1521.45311601875 1520.35390136155 1518.49556409348 1513.63498205536 1508.8718549259 1510.49813134633 1512.12440776676 1515.88264833223 1520.08305820677 1522.04570828244 1522.75740526927 1527.44942384844 1536.91618065464 1545.23118832944 1550.39770246083 1555.41181343257 1558.69764387352 1561.98347431446 1563.02693158552 1563.80518377251 1563.37294849104 1562.44012183427 1559.94800469672 1556.02024931539 1552.4655542508 1549.65526074982 1547.82110792271 1551.6490305038 1555.47695308487 1558.60394588809 1561.70192425917 1563.17673542202 1564.17611727897 1562.59228036784 1559.18836990346 1555.28312091493 1550.62542132359 1546.24583355106 1542.89344790995 1539.81721125991 1546.97927225894 1554.14133325796 1585.73650863487
1487.73289346944 1486.44547074398 1485.10643210188 1486.77983902541 1489.39303442615 1494.78822869052 1502.23618619248 1507.5002723992 1509.32865213328 1509.89146658602 1505.44911231808 1501.10735456805 1503.36097264376 1505.61459071947 1509.65378584475 1514.06330960439 1516.50333676736 1517.84237540947 1522.21103909899 1530.21399870955 1537.84931709895 1544.47962842598 1550.85586202582 1554.35080635186 1557.84575067789 1557.6023402362 1556.91679522757 1554.42901973801 1551.19594034523 1549.01654182752 1547.80726695237 1546.76161681434 1546.04246216428 1546.05344888203 1550.2995992333 1554.54574958455 1555.27974423372 1555.86835598371 1556.93641929193 1558.14491503396 1557.01554792491 1554.23897911581 1550.62660773505 1545.75979425862 1541.61663325358 1540.14627257829 1538.80377369078 1542.20178475816 1545.59979582555 1560.79174915859
1478.68984067111 1477.05009458136 1475.31241666761 1477.16494174137 1480.13749747625 1484.37294002657 1489.54023329107 1493.97886147021 1497.27114034037 1499.21605496496 1495.83229514136 1492.58113496985 1498.02356139743 1503.46598782502 1507.9609468481 1512.25940115574 1515.00331829088 1516.8782176348 1520.68648021082 1526.81397833522 1533.11292649116 1539.88056118879 1546.39622915117 1550.05454688557 1553.71286461997 1552.38226337738 1550.46162355673 1546.6000319355 1541.9357688645 1540.152279967 1541.02111892387 1541.99684984659 1543.18587214054 1544.79177574543 1548.81578719273 1552.83979864001 1551.46279772811 1549.86222619408 1550.48994358175 1551.7703317787 1551.14605058337 1549.17978533644 1546.13470211431 1541.47043904331 1537.80969520463 1537.85543568136 1537.911984992 1538.3692747088 1538.8265644256 1541.08805788562
1463.55662984572 1462.35643661163 1461.03698646806 1465.37980145646 1471.48906546771 1476.214012414 1479.91750848287 1481.99841893897 1481.52664787748 1481.14243347011 1481.10449580797 1481.33424699584 1499.11439264383 1516.89453829182 1522.46963593294 1525.51340693004 1527.9415619624 1530.02557519142 1532.42676752615 1535.20844348909 1537.82552323633 1539.99265246196 1542.28062169996 1545.93893943436 1549.59725716876 1547.89266052671 1545.55379293589 1542.75333107558 1539.76197908531 1538.67153701011 1539.33126208189 1540.58656213864 1543.03026774314 1545.33735621994 1546.85200104614 1548.36664587234 1545.88589130145 1543.23975034197 1543.30711801952 1544.16927844628 1544.23087110722 1543.72840305594 1542.23073304132 1539.23938105105 1536.93966983629 1537.19452419811 1537.4546952752 1537.911984992 1538.3692747088 1540.10413599748
1448.1955345911 1447.39107717251 1446.44978361848 1453.19191269252 1462.33102849843 1467.59234064871 1469.99232424453 1469.84984770364 1465.707526132 1463.12003092373 1466.68169956713 1470.64574492057 1500.99067981261 1531.33561470465 1538.34514162332 1540.514905526 1542.56245953366 1544.54169573273 1545.44964692225 1545.07249956674 1544.06413214981 1541.33022204862 1539.10240634504 1542.61379641708 1546.12518648911 1544.13855475141 1541.50167293233 1539.57545104819 1537.9431192236 1537.36744128067 1537.7646242265 1539.22599876395 1542.81085266717 1545.73407099916 1544.81949156556 1543.90491213197 1540.40695932969 1536.80206983614 1536.33392229027 1536.78453347696 1537.49949851292 1538.4007208863 1538.40103918242 1537.04920562235 1536.08140318884 1536.53201437553 1536.98280096559 1537.44009068239 1537.89738039919 1539.11682231831
1425.92695152362 1424.19007567995 1422.41232658556 1428.79616830642 1437.72617022724 1444.94426257639 1450.89918221874 1452.6050661721 1447.62628906009 1446.6501445521 1461.5039629904 1476.88268089961 1526.67520710513 1576.46773331065 1595.6507225382 1608.48529458051 1608.18689142015 1600.54688890502 1597.3496413409 1599.48186060648 1596.55825088858 1579.81371048633 1564.33782373818 1563.24870833822 1562.15959293825 1562.67836831826 1563.38730866063 1556.67044251683 1546.8826691737 1541.41776390702 1539.93292188704 1539.37264773893 1540.65724890615 1541.61846354797 1540.70388411437 1539.78930468077 1537.89776669233 1535.96578827952 1535.71489266836 1535.95638996996 1536.33956316233 1536.82255776553 1536.82272835086 1536.09823644605 1535.57955940678 1535.82105670838 1536.06822153199 1536.52551124879 1536.98280096559 1538.02669882759
1403.6583684561 1400.98907418736 1398.3748695526 1404.40042392027 1413.121311956 1422.29618450403 1431.80604019291 1435.36028464052 1429.54505198815 1430.18025818043 1456.32622641366 1483.11961687867 1552.3597343977 1621.59985191673 1652.95630345318 1676.45568363514 1673.81132330676 1656.55208207742 1649.24963575965 1653.89122164632 1649.05236962744 1618.29719892411 1589.57324113136 1583.88362025939 1578.19399938742 1581.21818188515 1585.27294438897 1573.7654339855 1555.82221912381 1545.46808653339 1542.10121954759 1539.5192967139 1538.50364514512 1537.50285609676 1536.58827666316 1535.67369722957 1535.38857405497 1535.12950672289 1535.09586304644 1535.12824646296 1535.17962781174 1535.24439464476 1535.24441751928 1535.14726726975 1535.07771562472 1535.11009904123 1535.15364209839 1535.61093181519 1536.06822153199 1536.93657533688
1389.27245302119 1387.02701972219 1385.16693376429 1388.92241059245 1394.42976677722 1401.84514693805 1410.66840742756 1416.2250466356 1416.64257718609 1424.63864033374 1462.60694976762 1501.08765958724 1573.16270437318 1645.23774915912 1696.89199566457 1744.31096912968 1753.36895646551 1740.98237494557 1728.55962844588 1716.09349894124 1699.04718826831 1669.48020756179 1641.38941758111 1630.03890842567 1618.68839927022 1633.90427167027 1652.26214538749 1638.2944585973 1610.95868893701 1588.49733253215 1570.52384684282 1558.50575194887 1558.37099607853 1557.34192893752 1551.12543544651 1544.90894195553 1540.92831953736 1537.04024922859 1535.74934273282 1535.21915132708 1535 1535 1535 1535 1535 1535 1535.00272693502 1535.10655571466 1535.2103844943 1535.99481111679
1376.33092751637 1374.7578746467 1373.94335811425 1375.07844826617 1376.82175451928 1381.79668668867 1389.15614998255 1396.74340860204 1404.68903901583 1421.09947670011 1470.98727758418 1521.2052655172 1593.07119641805 1664.9371273189 1738.37784050075 1812.14516348735 1835.47965624472 1830.62117458808 1812.89212459522 1779.72372046655 1748.58404469876 1722.99022780897 1698.07615086599 1680.87045292799 1663.66475498999 1692.84719477883 1727.51595153313 1711.51511439424 1674.56010601975 1638.66892767343 1603.75721729178 1580.94434137441 1582.27338269971 1581.57036596382 1569.08045592007 1556.59054587638 1547.9429217193 1539.45434593852 1536.63599216788 1535.47845910687 1535 1535 1535 1535 1535 1535 1534.99174269774 1534.67734370719 1534.36294471665 1535.08023168319
1371.46089119806 1370.39562284674 1370.07600165191 1370.24361954293 1370.56324073777 1373.45767346437 1378.25199138691 1384.62850043779 1393.49414166065 1411.37745218058 1464.92463319709 1518.71492762593 1588.4443853342 1658.17384304248 1732.5462367831 1807.88157533792 1837.40179205855 1841.31042696287 1832.34470759815 1807.93509254545 1784.86241091297 1765.4444541913 1746.30025055454 1730.26045845408 1714.22066635362 1734.35229390696 1758.76190895961 1737.33728034632 1696.95811674596 1660.06803241264 1626.39034223766 1602.31443095161 1597.39783224264 1591.27509372197 1578.15617652595 1565.03725932999 1554.32652658743 1543.71547872996 1539.29218566325 1536.68129981518 1535.44057816799 1535.16524112406 1535 1535 1535 1535 1534.99160554297 1534.67198434814 1534.3523631533 1535.06881178
1370.7796880836 1370.13678447229 1370.02627716254 1370.08423014721 1370.19473745695 1371.19547201093 1372.85308165713 1376.33667893911 1382.69295354088 1398.44672944258 1451.36656880381 1504.49182226633 1571.08457169824 1637.67732113015 1702.15845823302 1766.20164699293 1797.70874242852 1811.02750216195 1818.12678344077 1817.76526517351 1814.26006369654 1802.16109295303 1790.13252615939 1778.90235341602 1767.67218067265 1766.80774502042 1767.16926328767 1738.56121374361 1697.97293625816 1666.5351759774 1643.52229394201 1623.13000480813 1607.96682572968 1593.44250163499 1582.62383717498 1571.80517271501 1560.3826649325 1548.93516153467 1542.86671340203 1538.37380258815 1536.1098016846 1535.41623687049 1535 1535 1535 1535 1534.99709766161 1534.88659035187 1534.77608304212 1535.5261014968
1370.32920118086 1370 1370 1370 1370 1370 1370 1371.53329953598 1375.478814092 1387.3309802294 1430.45306642832 1473.81249367156 1532.73263236124 1591.65277105092 1655.10038719789 1719.48700205354 1763.47806891438 1796.0676110114 1822.00947274224 1839.97686989048 1851.66688465251 1846.19665385977 1841.01698426267 1839.13233334225 1837.24768242183 1822.83295349785 1806.93629443187 1769.79640056201 1723.87146727355 1688.54870075176 1662.98734575985 1641.82196417732 1629.4282726749 1617.92343499967 1611.57436793324 1605.22530086684 1588.25351886858 1570.84201801245 1559.2211548018 1549.29638230969 1543.38483598778 1540.30091189659 1538.33183566741 1538.03601594138 1537.57212229559 1536.4874499668 1535.4260856603 1535.22887250961 1535.03165935892 1535.60220481143
1370.13727541143 1370 1370 1370 1370 1370 1370 1370.63937900859 1372.2846408286 1378.2492519808 1401.296405211 1424.6908558095 1470.85504750862 1517.01923920773 1589.36010183016 1667.13000533162 1735.3690205281 1798.28007596334 1846.17732143707 1876.06421003549 1898.04949271934 1898.43445070913 1899.80474610609 1912.34895325693 1924.89316040778 1905.27253108349 1881.84777215427 1834.66487061824 1777.65690141997 1727.98488479357 1685.06707733919 1658.13401203331 1663.09677299346 1667.41089211791 1667.96258325948 1668.51427440105 1640.57188580684 1611.45000738561 1589.89790556611 1570.56300824491 1558.0629301393 1550.37850057611 1545.39762310058 1544.47446171927 1543.02679389614 1539.64186883136 1536.32968085662 1535.71423993575 1535.09879901488 1535.2511166972
1370 1370 1370 1370 1370 1370 1370 1370 1370 1371.72948725935 1380.2989026211 1389.32109885025 1428.02881551546 1466.73653218067 1543.11093336287 1627.29740394916 1711.44267557886 1795.56491615719 1860.23248811527 1901.56251113407 1935.45589893174 1949.02003503743 1963.2847567903 1985.4942517143 2007.70374663831 1980.19028363723 1946.79609506695 1891.93102817574 1828.18678096467 1771.20940524219 1720.46228592153 1689.67511874098 1698.71587995767 1708.54752902706 1722.96669993765 1737.38587084819 1704.98217482631 1670.64028337117 1638.60089055534 1607.23590474107 1585.1430767019 1569.58318708672 1559.22031248353 1556.6575507586 1553.13773015245 1546.08302589096 1539.16612645063 1537.35837758613 1535.55062872163 1535.16045267098
1370 1370 1370 1370 1370 1370 1370 1370 1370 1371.64508014761 1379.79626773917 1388.49448447577 1433.05738992354 1477.62029537132 1545.82120797008 1618.92464264654 1698.02280041638 1780.47212991397 1848.88576109737 1900.46236448565 1950.31511885597 1995.45545161037 2038.55115668854 2058.46039887654 2078.36964106454 2036.21407714529 1986.71811942302 1930.1010514316 1870.53908192236 1823.94979087182 1789.30444070313 1759.46986908177 1739.23468638564 1728.7078663869 1774.49412006117 1820.28037373526 1799.76598085929 1776.50712531399 1732.583701882 1682.60758029462 1643.37575198431 1611.71409321709 1590.01556213882 1583.27052271207 1574.94466749047 1560.78009113589 1546.85766985662 1541.91321271575 1536.96875557489 1535.72394399036
1370 1370 1370 1370 1370 1370 1370 1370 1370 1371.52346853284 1379.07208421525 1387.24505270481 1436.35225528019 1485.45945785556 1545.43134760223 1607.65657318996 1681.0321861547 1760.64109169137 1832.30373770047 1894.43416168982 1959.91715279859 2034.56493130867 2104.72827854308 2124.0373306101 2143.34638267712 2089.69577638482 2027.41624401218 1970.64102481797 1916.14208834122 1879.30732410185 1858.73595755633 1829.75453001839 1783.99173423538 1755.48735040801 1827.08987999446 1898.69240958065 1889.57132247272 1877.10874528773 1822.45619263297 1755.44610179487 1700.53227681003 1654.14118859206 1622.34010769377 1612.43692467063 1600.150242241 1579.06013793233 1558.30255219023 1549.87318117716 1541.44381016408 1538.34276564649
1370 1370 1370 1370 1370 1370 1370 1370 1370 1371.05922941824 1376.30759236464 1382.10176788685 1423.68087059893 1465.25997331101 1516.4914083603 1569.7247368891 1631.15755757053 1697.17406057625 1767.50828948392 1843.0220021191 1921.10417396347 2006.20764672809 2087.19949496472 2121.56474675831 2155.92999855189 2119.76656208267 2075.26170994274 2033.00658441284 1991.68182269683 1958.76695966626 1933.59508764875 1904.55092553066 1867.78002680659 1843.22455426393 1889.52430375435 1935.82405324459 1933.52848231742 1929.22134665101 1874.47550035406 1804.95604289487 1747.77820720593 1699.29598013705 1668.7484008629 1665.1186343925 1656.65489492638 1630.33694349044 1604.31306579057 1589.19205045457 1574.07103511858 1559.8897448502
1370 1370 1370 1370 1370 1370 1370 1370 1370 1370.59499030364 1373.54310051404 1376.95848306891 1411.0094859177 1445.06048876649 1487.55146911842 1531.79290058832 1581.28292898646 1633.70702946125 1702.71284126748 1791.60984254848 1882.29119512843 1977.85036214756 2069.67071138639 2119.09216290651 2168.51361442663 2149.83734778045 2123.10717587321 2095.37214400759 2067.2215570523 2038.22659523052 2008.45421774104 1979.3473210428 1951.56831937765 1930.96175811968 1951.95872751412 1972.95569690847 1977.48564216205 1981.33394801419 1926.49480807506 1854.46598399477 1795.02413760174 1744.45077168195 1715.15669403195 1717.80034411427 1713.15954761165 1681.61374904845 1650.32357939082 1628.51091973192 1606.69826007302 1581.43672405388
