Rnew_bats/Bats_data_products/Vegetation_existing.asc
NCOLS 434 
NROWS 250 
XLLCORNER -121.69454516 
YLLCORNER 39.36708274 
CELLSIZE 0.00381074763999997 
NODATA_value -9999 
[rows 100 to 124 of 250, columns 228 to 284 of 434]
4.60117445010125 9.31456027425576 4.43602696297481 3 7.72732788682968 18 18 18 18 17.606399042798 15.3004766107714 10.7951273235489 8.42641996927319 8.14071775959717 7.85452534689649 7.56784272789325 5.20963557358652 3.98973745895656 6.69659180817574 6.16230901765159 4.45628356002076 3 3.04629876179482 3.50082438490192 3.52417049055324 3.28555542330055 3 3 3 3 3 3 3 3 3 3.00119478786911 4.00457946916923 5.56556893111549 5.6908361176497 3.6558961324007 3.73561315658804 3.81546092532266 3.5825669615467 3.17159663867479 4.29183092412656 5.35064970581478 6.99865725679344 8.11617026305713 3.43326553852636 3 3 5.55390262280559 13.8053285697999 5.5879494387138 3 4.88350323530744 9.10913778950492
3 3.39810197508431 9.60813040772102 10.8638488050144 13.101052749196 18 18 18 18 18 18 14.1461264666647 15.0892058388815 16.9117081500566 13.3496996294512 13.5439083100878 8.32129353350192 6.03319617957167 13.9859596436797 5.32740285745615 3 3 3.37321080448378 6.42961675970693 6.6927356277979 5.20159136049275 3 3 3.12377814707476 3.10430896835812 3.02056233509994 3 3 4.88902995883832 6.71096285763574 6.53756356062387 3.83180681597814 3.35080212627384 3.68339059242865 4.03509647071095 5.86390677672998 4.22628935010507 3 3.27901930308403 4.80723750954366 4.44305023635052 4.89726676103901 5.14920336082345 3.10353562921134 3 3 7.79546408756493 21.8642025540146 15.2754376885244 7.55189821745459 4.98417821715351 9.20230549340732
3 4.07256737257567 15.5346161063939 13.3505161585666 10.529269108273 11.7316039082616 17.2553938857708 18 18 18 18 11.219077180517 10.3944511102426 11.8370415210365 7.60642408441351 4.00159363832644 3 3 3.21540590150747 5.63726699212521 5.90363487216161 5.61402478719065 5.52244865769739 6.76909330001359 4.41306371752246 2.96026303221318 3.15258296188018 3.86409952287968 5.8871304581997 6.93417786421719 6.07059411305537 3.01663333856663 3 3.12570650573855 3.31880433084102 3.37703765996572 3.08754244626118 3 3.05480701149607 3.23730580608258 3.71944192708944 3.31740084849448 3 3.08567304520686 3.51843692721603 3.18302539899726 3.58447564902144 4.05536430668485 3.01968586853285 4.86232096603707 8.48894596902357 11.0802562265324 11.7051492694934 17.8478368848429 15.6650391721127 9.29326699694144 3.04757399221727
5.81210227492404 11.8522404634656 17.0084593044267 8.63830992411587 3 5.28708667975313 16.7497927723962 18 18 18 18 18 13.0282728917138 9.23852474731783 13.3012792179978 8.5768385390244 4.74199386913107 3 4.01003845137911 13.1434133142688 15.2080983578185 16.447075874546 16.3358384762234 7.54932073644874 4.16952371251002 2.56385281048203 5.16798791405684 17.5722441522234 7.19878212560256 3.50944344445085 3.76166138283965 3 3 3 3 3 3 3 3 3 3 5.05275692393493 4.72661392098522 3.56231670737652 5.72869423497687 3.77698481396695 3 3 3.05020266699951 6.10698614080012 7.92076299518111 7.85821970635791 5.64317017169082 10.5912780741289 12.1241787665035 9.17150314850971 3.12612808368926
13.7282813115154 17.0292598404295 11.095032001268 10.5084023498922 10.247037529952 11.3865451142765 17.510238277887 18 18 17.1817529074099 14.6771353577751 17.2489677998733 18 15.004111729034 7.74705726510345 12.6568438759542 7.65234473511715 3 3 3 3 8.10048652284113 13.7230368487319 3.88433156392541 2.92940620234838 2.5322722122987 2.06234866390796 2.04284617263366 2.83015221647008 5.08055342164033 6.94794708178267 6.8580376153317 6.77937403841317 6.7005797364574 5.39211826409014 3.82680748210868 9.76375196838779 5.80053587069489 3 3.51815637462692 5.90914343838421 4.59694486884398 3.55452844717541 3.23818290016883 4.15345611262835 5.36658701121251 4.30468815641506 3 3.05807461523378 4.26711054668654 5.0458884985565 5.08759056336735 4.76920011237985 4.45185921971499 3.55628192075631 3 3.15271045640383
14.6970939523814 14.2563179094121 11.0836399634023 15.5184768770558 14.6737453504171 12.1612836909884 17.7586775437253 18 15.0327906774049 10.8400988883779 6.95493599161394 11.5882774000184 15.8153294170287 17.1328344518853 14.4324545936347 4.96508183862576 5.26379884013417 5.15494209369108 3 3 3 2.93473574469064 2.86741723118603 2.88678853998411 2.31932063740966 2.59724349860488 3.08224783598294 3.05819797958334 6.05615219668153 6.9932429561381 7 7 7 4.24291902204169 5.63999537046947 10.0228206893143 4.96012762121701 3.49688869882655 3 3.74609540985329 6.80320515212818 4.13968363385665 3 3 3.00953359460119 3.9921932527085 3.63289582849319 3 3 3 4.00238670908428 4.13643730941789 2.94346799146232 2.5717384982821 4.11645230153104 4.11399953158151 3.09760150022608
15.2581482291757 14.3017835494563 10.7251139138597 15.7874850637629 10.8334503428268 4.43779820393823 11.4498064625254 16.4826217537013 13.2769251156913 8.60970834638977 8.32551753958689 8.04083660921551 13.6551801760531 15.8506749443562 10.6209724221487 4.09388630655323 10.2112257402022 10.0364773700586 3 3 3 2.54531510500877 2.0274039411572 2.10399734261289 2.76942073457472 3.9553601429835 4.43123812359299 3.07237225476545 2.23556124100233 2.61860071258345 4.41604546107701 7.46452791585913 11.008807104997 6.13794906527053 6.45038583751264 11.8195931056855 10.7667855048088 5.36569167239953 4.45400815505841 6.0066121935455 5.4717334914189 3.64667223695586 3 3 3 3 3 3.82529737962917 5.44348146161411 5.36259931277677 5.28158642979402 4.56631362386142 3.45108210997616 3.04437615505247 5.70887005944253 6.06152731983806 4.7927636639269
13.4079542971571 16.6033904054119 10.7964507181849 10.6361017756143 10.516737234923 9.07693627572186 7.3875910567844 15.5766985052632 18 18 18 18 18 18 16.5870700818943 7.97810125506339 4.19640694842458 3 3 3 3 2.58596363937048 2.33308420198169 3 3 3 4.15797638085096 6.9179827412549 6.99611780736914 4.58378159807697 6.16235656566575 10.7005806184298 4.58621902248472 8.6025905375792 8.07626258686948 4.07404845796733 3.61102728026208 3.22165412099577 3.3718281007599 4.50833545307119 6.53871290005386 9.51949578697167 7.93238622015181 4.98346705404055 3 3 3 3.53166517165922 4.86990504762266 6.72443145800121 7 6.43665641957692 5.11789857390209 3.15201222340215 5.81483447409135 7 7
10.5399776424551 10.3582101282383 10.6384666033956 10.2939510233277 10.5142172908135 10.7059416778334 9.11852086066583 14.6420726071449 15.2517519002271 15.8416509387039 18 18 18 18 17.3897816841196 14.6258620753557 6.68289656952308 3 3 3 3 3 3 3 3 3 3 3 3.02590948342783 3.03957964006683 3.15792813345317 4.752321002779 10.5875507010885 6.23562065280066 7.10830239594747 9.08268615376156 3.06000936894778 2.95135814964595 3 4.05634928368404 7.04161423952957 8.25301837241543 7.75269544657473 5.71316581988853 3 3 4.56520233740222 4.29602683792981 3.0646497531627 6.57972201909968 5.50551162440728 4.85905035941225 4.54958281523308 3.06916789830656 5.92079040543497 7 6.55104550949806
10.4856198527997 8.71357834926738 3.04375742411909 9.18459763240756 6.86927831818111 3 3.37507416313075 8.05464811025911 11.9729613187984 15.1507424107504 18 18 18 18 15.3168560108538 3.85028373533624 5.31765917053189 6.36319719135174 5.60973622984567 3 3 3 3 3 3 3.10478877152005 3.06506187946369 3 3 5.49547120557012 5.23497566270507 4.56936070252956 11.4493589805286 5.046198911074 3.09270059074852 4.04744774781297 3.00524634588246 3 3 4.15975068132254 6.8370343925762 4.61171560320392 3.74961352167904 3.36148738125457 2.92494164255227 2.43105514168844 5.33857712517513 6.20667375941178 4.89229390116426 4.73419802837743 3.54432855656612 3 3 3 4.61400636389574 5.21465857815284 5.12712344495242
10.5145915451918 14.0182733316766 3 3 3 3 3 3 14.7189699060536 20.4749346026552 18 18 18 16.4688580601133 12.3662166904263 3.38258579584325 11.6721943620833 16.7320177639471 14.6099809735552 3 3 3 3 3 3 5.36085524027718 5.44621310695723 3 3 3.1098679404839 3.13671910684364 2.96035933093182 2.99837073878649 8.74147148458635 8.55293471857791 5.49660751569627 3 3 3 3.30111762893352 4.18846089163559 5.61156141967252 5.6252482665996 5.5275493765863 5.1425483875659 2.34689710987798 5.33610509498885 5.96164042086325 4.34678681830087 3.06902911592575 3 7.07702185044085 8.96710146518769 3.08062216233836 6.23748516237289 4.78676796519279 3.72614419763858
10.8774692055713 13.6547594568135 3 3 3 3 3 3 10.8519882740069 14.7993127382118 13.8692433722757 14.1159371987726 13.9717179377495 9.63053680649522 4.17021252993043 3.01092705163493 3 3 3 3 3 3.93293961714518 3.86385933363309 3 3 3.28407147593304 3.15310005904388 5.4858283860274 16.5741786610331 17.2741650732961 16.9802064947248 13.375748231499 2.14508549475363 2.95795238805891 7.51476924573768 8.61577079251593 2.2253467046545 2.85119527229792 3 4.03059244094319 6.04983179911052 6.85222562444907 7 7 6.50097772182882 4.12285826940754 4.32871582422168 4.96838668533151 4.78428340293805 3.02884787393575 3 11.2566583990886 16.7221908542386 10.7704142329851 14.2241303416412 8.11834436692986 3
10.5025835250307 8.35551940070349 3 3 3 3 3 3 3 3.57740968951529 5.28690464546253 8.61030534960291 7.48614648071597 4.94254474303203 3 3 3 3 3 3 3 12.0779788832219 12.8995732482772 3.79280826303118 3.0631678113477 12.7309333983369 17.9763585974744 17.7972267575616 17.9767016597945 18 10.8058119959735 4.04758933613045 5.48632777480525 2.76157980761843 7.44609523866121 9.16359103899941 3.05845874316005 5.60276724781706 6.06645660357843 5.26157348835927 4.09280087045005 4.17262566795786 4.25258117365016 5.46835455933916 6.61929539189158 5.09014275951218 5.3067177050554 6.14650748182634 7.27256023308989 7.87801848788211 5.68715508468236 9.31349764626031 15.4119835649952 19.7625377641438 13.2727267210272 6.67967102786588 3
13.6192099376609 10.0821407792137 9.80191803530209 9.52120527517302 5.29659422714382 3 3 3 3 3 5.89481902035479 16.0866802830694 17.6008198022569 12.1918855871014 5.45548763784938 3 3 3 3 3 3 11.5814889835241 16.9054445037891 14.9317289148728 4.09942706909151 3.15258189380481 9.83849270351553 14.8099279329374 3.90608342337651 3.24945039711522 2.64745492990318 2.1133382006919 2.61266118376917 4.87562720848482 4.8408305978013 3.81153099591958 2.36064386628652 3.65788143337034 5.87248898075168 5.42672654157458 3 3 3 3.61553484368947 4.28655635789424 3.77595040319611 6.18650419807837 7 8.37441827221084 11.8024805632108 7.97937752026188 5.8669573468974 7.70069688674496 12.2995107378812 4.46965038173341 3 3
15.0835672384612 15.4741871021762 12.1597867360459 17.3056555648979 8.15532228514223 5.46108441404359 8.56420578285943 8.28153974572657 7.99838368821337 5.45379053040355 5.63055232666285 13.6601207532808 14.0044164614607 16.3487508639507 13.4580797504775 2.98649946065719 2.84936330664952 2.93472863146182 3 3 3 3 3.41275923788938 3.6155411453039 3.17269917525091 13.7220596302199 17.9049930055695 14.3508672246555 2.99959414965382 2.9453476011583 2.42095520673574 2 2.20828790615698 4.61774647091683 11.3036632870622 10.7130201190007 2.81751618088913 2.97483734126063 5.61799775091196 5.32336655289499 3 3 4.91681668492797 5.60778228883791 5.5275692310741 5.45828075173233 6.62726191032593 5.77361279275683 5.47004099821095 7.20532311871634 7.06817033226166 5.78744622762658 4.20439671974406 3 3 3 3
12.3286890940035 14.8523861742197 9.85698494533589 11.5005789589703 5.86886093069527 7.12645774783605 12.5477236703219 12.8303828826476 13.1135321036844 8.15580574039145 5.87119163969714 13.5985983032258 5.27059028923423 9.49373896940476 10.9499216425532 3.19222649231466 4.52299350858591 4.99614424906214 4.24450723918759 3 3 3.78993356716802 10.1601081682207 16.1847002023958 9.39860297119844 15.6526859368668 18 13.9709321076913 3 3 2.94497592101388 2.88258573233574 4.09285875628866 14.0833212030062 10.4781020497713 6.72481763329596 4.99698548236234 3.19349187461101 3.69587440454259 3.61186864470673 3.88634718881276 7.00191078252155 4.54089533425148 5.40101031291115 7 6.91971138423715 5.13528746805079 3.76262602122632 3 3.36812042649197 6.42694219212678 5.79896812138057 5.03383730323025 4.50299748268802 3.1425744923016 3 3
14.0175681175066 18 15.3666701212548 3.89570803623533 3 5.6411629886137 7.08813249795332 3.00398116818013 6.64749074851356 7.49091136461915 7.20678898161519 6.69412090922696 3.64420166642572 3 3 4.75624770359264 16.2272785164323 16.5748572681687 10.7025764971098 3 3 12.8423709069704 17.3836840418957 17.7188362627685 17.8934259245577 11.1560507870388 13.8773651871008 17.7947578669327 16.186879043189 5.42197761407052 9.84132837221826 10.3619818239113 3.25501581533712 5.17353211936251 12.1329845562524 10.5163279939907 3.55207101772001 3.04281518031383 4.04053024993857 8.8221249816511 11.2562947045586 4.25983828049463 2.56395344269137 4.64905414786491 7 6.90438519620944 5.60505322085733 5.2266023069124 4.38721378617842 3.22889036106808 4.78019184928586 4.97129702117995 5.72028646893956 6.29086505796186 3.2318675978137 4.11465784261705 4.49530909883363
14.3240982165849 15.1137774218657 11.1879669552221 9.17441160088374 8.79221346604663 13.1996750006249 15.469982005796 8.1839302582709 15.813278152094 18 18 17.073582271716 8.27429932978744 4.2558413654211 3 4.75005259382593 14.4423675674729 7.1470823689947 2.93218621232147 3 3 3 5.97210808887411 9 9.2242107300191 16.0287919938777 10.3668596993744 4.45404580200373 4.86675473801746 11.6789094539512 8.21475136131915 8.87677187620566 14.2671313927671 15.2724800704279 8.90075164773399 4.7815172418105 5.3338054650533 13.8687078484891 6.86336091973366 11.0995462609674 13.9970504782688 2.73989680600649 4.70512531658995 6.17739042137043 7 6.79865784638609 5.06377884094359 4.80317271590443 4.97208047401939 5.03523651889825 4.95424508700331 5.04418589681385 5.20812987995945 4.82311385323102 3.07468027995746 5.93318057934107 7
10.6044723434251 7.58417233568407 4.96250143849392 11.9382483492198 12.3197547411647 12.6014135119297 12.8835622497438 13.3990201062521 17.1489435603161 18 18 17.6026634390572 15.0227702256636 9.30133469704098 4.699584122998 3 3 3.77468970915011 3.95423493244008 3.85133584211022 3.44869272889418 3.33016338200233 6.22547526946806 9.01863414010552 9.45097224754977 16.3343830026428 19.8811189957112 20.8725741570805 20.5587129842795 21.0565085140338 20.2710913338536 13.5603931369976 7.2534931217753 17.1577531831282 15.9170291282801 9.29198697190373 6.4201965544112 17.8926136919821 6.84564835309032 5.47750720608802 6.39815012299015 3.20862341891848 6.26794207816842 5.55206153137923 5.42642937693217 6.55409298394445 3.49476834321548 3 4.62388544490906 7 7 4.19812257007044 3 3 3 4.8861666284382 6.31748217693278
6.62022542552596 4.7094092856233 5.7511040364694 8.84943066968414 8.56826867222174 5.4164095302275 3 3.74658363280354 11.8450459449609 13.8448906603067 14.1289924181716 12.906090040211 4.20566346530713 10.9311874711609 10.0350110089925 3 3 12.4710549378224 14.4498716218963 11.8035449498898 9.60182462968417 9.42812965774005 9.02305428910829 10.177488562968 12.8905258355376 12.2916823421843 15.8669076229445 13.1095093996341 4.6803755666468 5.05203047265788 5.42430608767569 11.553163515336 19.3154980612905 21.1392726993969 10.2569777129102 10.4083293084264 12.3778560801733 6.91089618017585 3.92740927783725 3 3 3.10782421131737 4.23158852700891 3.60440904873662 3.60425147763449 4.46758616174955 3.17387504780073 3 4.72873039122253 6.6106763294225 5.17742652727868 4.91543790859114 3.880573310824 3 3 3 4.42977186305018
4.66824565677194 6.17316799014943 9.99864021010662 17.7848229840407 13.621852134621 7.25137693881945 3 3 3 3 3 3 3 3 3 3 3 3.34953077728198 5.13562570019692 9.92160463333288 17.9635831596183 17.5151820140676 9.30600565798961 3.00095050861008 4.16486549035877 11.6719949448792 10.7803611389145 12.519913900894 16.5615698236002 16.2681651644673 15.9742704837084 17.016629026329 15.9754860212649 6.87165711678399 4.0169569463317 4.80207670001764 5.73777860041474 3 3 3 3 4.00957659705489 11.1757235260934 12.1090461481837 11.8082908135006 10.1149292390164 3.58619808484633 3 3.67225153496038 4.10891595373 2.55890662883558 5.90249061045749 5.80978356753515 4.62118377308356 4.53967545065393 4.45803643318635 3.58114371375296
4.32246050060129 5.89985435485608 8.51218044485164 11.7951794746486 4.67288344196666 3 3 3 3 3 3 3 3 3 3 3.14271369578537 3.53336658670231 5.84639695394183 5.66318201285498 8.5554054980512 16.4396501680455 5.55260014589185 3.01615565899541 3.71710715447398 4.85860946756461 4.45919233147175 9.93097210723511 11.4408222187372 8.93224943734666 5.10446704921794 5.13754142067383 5.43191898881753 5.05791128154276 3 3 3.41000531865998 6.44594752563401 11.6973215086081 4.50037767273857 3 3 3.70176557208794 8.10280401384665 9.00267204978861 9.30342009394051 8.24541963347286 2.79786972230426 2.48057364010453 2.25808932978596 2 2.03928695670829 4.18835381789743 4.90901563454812 5.01073520444407 5.14068778349421 5.51435910845237 4.86369935661936
6.51846369332091 7 6.21168827622403 4.34365782752287 3.20777524322686 3 3.47439636293222 3.9560653659907 2.84815157636467 2.91750952030249 3 3 3 3 3 3.91434426387465 6.42084520116745 4.05821091273655 3.14575851673698 3.91539527936542 5.87865490450287 5.98910781576414 4.19195680941306 3.01041811452266 3.06082759235182 3.05672630471917 3.51166520059955 3.75000566318176 5.02451434517576 9.80788673571555 4.76241688750531 4.68019837953077 5.36474607478248 3 3 3.99107467951018 5.55437900704893 7.02925699843863 3.6534389503766 3 3 2.90147537878396 2.43611091515839 6.47012356771354 5.57087975381241 2.47030568230795 2.53089366099715 2.13014415913129 2.50242633239218 2.6830414845486 2 2 2 2 2.06351362295268 2.56311114555643 4.36350056475077
5.64290665524344 5.41007654324613 5.48478451915912 5.87334814298932 7.81062371986597 4.73972344509005 4.12923485701501 5.25064856698571 2.50260720634286 2.7745737465191 3 3 3 3 3 3 3.2104384212485 6.12776426147998 4.54978193732282 3.02271843159139 3.48890408714214 5.80543152377883 13.7363866994827 17.6856334513142 16.549940627138 12.6791178093137 5.70585406389987 3 3.22346824271304 4.10120529301158 3.29433154702887 4.68799615861141 5.24935551623799 3 3 2.8625323717163 2.98690903966187 4.37277121264859 10.9270977854801 6.01076487127685 2.73130244282191 3.44245453825069 7.74830667530567 7.05661933365512 4.84130183699597 2.65489741776308 2.99308085893489 2.22803735597568 2.55381129270528 3.44897550660378 4.07056367953801 2.35554212356406 2.24084999844329 2.93785400877491 3.81294884006474 3.710907493701 2.55118786124932
4.75192132043847 3.61691826961135 3.54901272373909 6.24088248006402 16.6302869009584 8.86550629321242 4.18520923205711 4.10984988151682 4.03435989025549 3.95873925741649 3.34194852331828 3.05575321084649 3.73109350094593 3.654950293265 3.26012515618548 3 3.14409847466242 4.54380625576987 3.15624430953153 3.47884115631361 7.27893205577602 14.9361679617738 7.33725073167206 3.42625293347166 3.66907091087189 3.68372100999613 3.23288020501471 3 3 3.04552635509412 4.32236701436222 4.03105079120517 4.18380350589118 6.13835972570048 13.0034764582624 8.88697600548062 4.59670945877601 4.50396660245277 12.3891965659864 5.89979270252015 2.2021259870948 2.92236227729288 6.49636558762645 3.99715179536778 2.71969000318954 2.46265453451845 2.46681998218194 2.10152792262135 3.34298520523696 5.17529177703252 6.73687594965225 4.49401488800255 4.35602913791736 4.74316418607109 5.49725941081025 6.86413278310774 3.58044483162628
