Rnew_bats/Bats_data_products/Vegetation_existing.asc
NCOLS 434 
NROWS 250 
XLLCORNER -121.69454516 
YLLCORNER 39.36708274 
CELLSIZE 0.00381074763999997 
NODATA_value -9999 
[rows 50 to 74 of 250, columns 114 to 170 of 434]
-9999 -9999 -9999 -9999 -9999 -9999 -9999 -9999 -9999 -9999 -9999 -9999 -9999 -9999 -9999 7 7.47846321834693 7.84265523441654 5.67482237974054 3.78509714215311 3 3 3 3 3 -9999 -9999 3 3 4.81925129149657 9.57952150535171 16.2539255848732 9.46249014935659 3.48212639287625 4.26274648705665 3.19272708574278 3 6.97734650268292 12.8333503694874 7.69176184669619 4.26461241393472 3 3.44109396344905 5.27355599683518 6.05418897475661 11.7850377590152 18 18 6.60608664617498 3 3.37052124022346 4.0234800214159 3.3302777019547 3.06430925119709 3 3 3
-9999 -9999 -9999 -9999 -9999 -9999 18 18 18 18 -9999 -9999 -9999 6.54746447164423 3.49971697959701 3.91856222484852 8.53820971587942 12.8827041254965 5.37706673515961 3.53269154688185 3 3 3 3 3 3 -9999 -9999 -9999 -9999 17.5989561915989 13.1737941868251 10.1560995656887 7.37234723559636 5.33732952427614 3.33555334293445 5.95053144886871 7.38458307846696 8.22771261293813 13.5503333825501 6.56738103134193 3 3 3 8.42159712493302 14.2350014563233 18 17.7499632977223 7.60493567953623 4.44383170869914 8.40570443170459 17.2468586816601 8.72813929999213 4.58782363797506 2.99535109944559 3 3
-9999 -9999 -9999 -9999 -9999 18 18 11.6490525727865 6.91225153448685 8.06586640677103 16.3755901505337 18 13.4138597017434 5.49480860166878 4.44278799209041 3.4334528173664 5.41013919333904 7.89984683095089 3.35406246238815 3 3 3 3 3 3 3 -9999 -9999 -9999 -9999 -9999 3 8.81651924492829 9.12342733405393 3 3 9.90713055525684 13.7273198885773 11.9654449863404 3.62012950106494 3 3 3 3 4.93627790511914 11.8707490952785 17.4222293013275 16.2471523325282 17.6881319563485 18 18 16.6717058881622 5.24185276246261 3.05489481424277 2.64194115179574 2.14600425757707 2.90132181481549
-9999 -9999 -9999 -9999 -9999 18 18 15.7940822605063 13.9756796859884 14.1942833746378 17.4043508075553 18 12.3908473324898 3.68931726172055 3.72006166809653 5.78006080895323 5.04956789813535 3 3 3 3 3 3 3 3 3 3 3 -9999 -9999 -9999 -9999 3 3 3 3 3 3 3 3 3 3 3.74159112158385 5.8329523930716 13.2849081554363 16.9797701735653 14.088402878224 5.43299855705047 14.4097219680339 17.4949891011493 18 16.3474037358949 4.91691169411562 5.49902824414885 5.4100470725918 2.98447677719573 2.99719689807128
-9999 -9999 -9999 -9999 -9999 18 18 11.3368616087282 11.0779300208954 18 18 18 11.8338792395219 3.44868734070584 5.36606326833862 5.34918224248287 4.29222147825137 3 3 3 4.09556085937017 5.09592429006133 5.03339068776551 4.97072630638652 4.90793114519883 4.25841762503783 3 3 5.41654962610358 7 6.74344950696791 5.21931082206996 5.75154126019711 4.76123254994059 3 3 3 3 3 3 3 4.5722630579866 9.15554607924236 17.4841598003258 6.28989407000527 10.5752892419692 16.5199533871013 15.7059250577523 6.29558492622797 12.549474742655 18 16.0231273721113 4.5919964649572 3 3.02138190289703 3 3
-9999 -9999 -9999 -9999 -9999 -9999 -9999 8.69249893275085 4.62549420827248 8.99946138639431 17.0407076236378 18 12.6651149191997 5.34466932232285 4.54464912054799 3.44135443892681 3 3 3 3 3.98797737296369 5.53310847081213 7 7 5.9176114540331 4.44541121861833 3 3 4.48347645462362 5.43786601063332 6.15239453643333 9.29896935818458 12.5530886189423 9.18904879225836 3 3 3 3 3 3 3 10.9836672367171 17.306019473645 15.3627139293149 8.58990393225528 7.22373423300243 7.39054378470092 8.3272021165694 16.5369969297304 18 18 15.6988767982085 4.26710707638866 3 3 3.78059456786269 6.66282910296072
-9999 -9999 -9999 -9999 -9999 -9999 -9999 3 3 5.46807249906387 16.9003029592571 18 12.4544460193292 5.15140124030824 3.06833584886495 3 3 3 3 3 3 3.60945312393428 5.02635129786489 5.08901278553539 3.86761356430105 3 3 3 6.86209834822211 6.40414789976089 4.73566649049963 12.7229674735477 13.6412660105805 8.89996313375105 3 3 3.4026970573591 3.50999740817246 3.5414479065459 3.74576551721693 5.57944841688352 12.575420133714 13.7875551870814 5.72009532589629 15.8735798164417 18 18 18 18 18 18 15.4424967791954 4.07197755679625 3 3 3.03650984057853 3.22694794114214
-9999 -9999 -9999 -9999 -9999 -9999 -9999 3 7.44434054978769 12.267064407675 8.20416907749904 15.133620013732 11.8778077270829 4.53374009941951 3.00935538769822 3 3 3 3.36263951660333 9.44315886391064 6.34755641712854 3 3 3 3 2.83347539988616 2.63684384546472 2.96083810610956 9.07968759817624 10.7678013362851 7.74896714778833 5.14951930009444 8.04639190011675 6.16595477229726 3 3.00285159628574 4.52724859944735 6.69207902228105 7.22968246044788 5.82739485150506 13.2123589565646 15.2592339733823 11.2920723391337 4.48532776092032 15.9183398453657 18 18 18 18 18 17.7721514287731 17.7242343919505 17.9734319531166 7.12211333009584 2.53200120730699 2.28186876175311 2.99284249400848
-9999 -9999 -9999 -9999 -9999 -9999 -9999 3 5.02626588215815 6.83017134198948 3.16929051031947 6.84043475909654 6.78196883388525 4.80660590034926 4.18671853313 3.26119889716162 3 3 3.44290012327793 8.88570517236288 6.02432769866456 3 3 3 3 2.772575098711 2.5104056445619 2.95464937542903 6.95521646668189 10.6284366773502 11.6427507406836 5.22954791717562 11.4995989346013 8.99970259264827 3.64001690515048 3.03253784245611 4.1671758682892 9.92211037411825 11.0431681352776 3 3 3 3 4.54699316114409 14.5660781492287 17.4143340057253 18 18 18 18 11.1599612681283 3 3.08530226517 5.99078886769955 6.82425831959938 5.72691530691226 2.99786376318791
-9999 -9999 -9999 -9999 -9999 -9999 3 3.98210148768528 8.49670925966516 10.8180977877015 3.13504247586083 10.1991512952688 8.61379691890316 5 4.90814909949648 2.94221645095687 3.69962195086022 6.76870582599145 11.0000211885503 10.7670183634557 10.5335251809803 7.58890410158432 3 3 3 3 4.11881269355267 8.56180119436941 11.8005391585782 9.57777978052846 5.26483162821698 5.00192275371027 8.0768600459706 6.91429549441752 4.55114854268703 3 3 3 3 3 3 3 3 3 3 11.9682838493857 16.7094216969996 16.9561555363146 17.2033798083692 17.8437167977565 10.980057886827 3.03953100418413 3.00858454503763 6.0577389207205 7 5.84394877023389 3.18880844206433
-9999 -9999 -9999 -9999 -9999 3 3 3.43932527251604 5.64806666764863 9.23817594988619 12.7666444663614 16.7277727821168 10.443321633297 3.7939232543844 3.75610036518101 2.80613367885702 4.55410144243053 10.1086602997984 18 18 18 14.9400342771241 9.95301177272252 9.71805294666038 9.48260376400419 9.24666422209885 10.8377522005312 17.6827161355724 10.4173943562872 7.61634145875738 8.11554239256114 9.3095003543327 15.9885446076887 9.90659623521267 4.23807683191632 6.86029846002468 6.6189647907163 4.38846234175508 3 3 3 3 3 3 3 3 3 3 3 13.7300922040971 17.8111989099411 14.0337809546971 3.00196129529511 3.11713090734839 5.29123816883457 5.75683520500844 4.02656451377608
-9999 -9999 -9999 -9999 -9999 3 3 10.6156684261239 8.02643784257906 6.95471697106136 18 18 14.7856526399985 9.50937228379108 4.16038958476253 4.12958549018415 9.19642826867753 14.4345291990624 18 18 18 18 18 18 18 18 16.9438415757705 13.5334918293145 10.7935658840876 9.06138933223326 9.82364675690995 14.0646590186 17.2176923289439 9.59399300190638 6.55395964891703 14.2516946174294 14.4930226912724 7.57805491216438 3 3 3 3 3.2303978177119 3.39249361058871 3.02225135141375 3.93067383828369 3.56407408457053 3 3 3 3.01067685103284 2.84333128937552 2.07223472265517 2.81641163873343 3.14000693909213 4.43487690534862 6.41195737060005
-9999 -9999 -9999 -9999 -9999 3 3 6.64591605817327 5.41066153738455 4.49142917188478 8.92621159563735 16.2205971658166 18 16.2163947295756 11.7344207941543 6.02958165445383 13.0638901050268 18 18 18 18 18 18 18 18 15.4843689163368 12.4095000231481 10.4393842974734 10.2494646005392 9.0038163581826 8.234017935448 9.49247708430799 16.3289381969324 11.6746531862592 6.87713563811784 6.63630353010087 6.39498105601673 4.16388548230644 3 3 3 3 4.54301818461128 5.82002128426855 3.11647394504942 13.0758443649676 10.1265217967904 3 3.00803317694578 3.16623533938664 5.16398066923959 5.72292566729904 3.22569691860395 6.13604541781025 4.51992053821461 3.76931687772598 6.51942230113165
-9999 -9999 -9999 -9999 -9999 3 3 3 3 3 3.98590845113619 15.4226118989574 18 18 16.4982860737114 6.58646218308798 8.87620732811595 13.9715455667701 18 18 18 15.3122315142513 12.2654478761608 12.4690646816373 12.6731064334544 10.3053099761926 10.3902841371018 18 18 18 18 18 18 18 16.6275038793905 14.5950470290161 15.4956905000076 7.97395607762741 3.43711248991145 3 3 3 3 3 3 3 3 3 3.5736353531033 14.9609642917773 9.5006729806697 3.07107682505015 3.01525792014068 3.20302479643182 3.11792041571341 3.069968378885 3.41723573684507
-9999 -9999 -9999 -9999 -9999 3 3 3 4.45642927829954 4.7174015970303 3.48905155742596 8.04039882233119 14.5623992156474 14.7928378595519 8.85421790779598 4.52188085539327 9.16693300520924 14.3356260924884 18 18 13.7062524886396 11.5356306117464 9.30993640714687 5.01104115354606 5 9.87360419147901 15.3024261487743 18 18 18 18 17.5718323461337 14.443674230189 14.1065750032702 9.97372838896562 3.59161276153079 6.64159854694096 7 5.25842642837301 3 3 3 3 3 3 3 3 3 3.2377027192586 6.29798017581744 7.03830251254706 6.86465340153536 6.37895621434031 3.47435209916142 3 3 3
-9999 -9999 -9999 -9999 -9999 3 3 3 3.83107301317825 3.98089190310741 3 3 6.96274392254248 6.95442140107956 4.28412412484907 10.3662883456293 15.6979817759553 18 16.6937006115288 12.0467726632016 7.23334322938034 11.6368345268568 16.0914919869155 10.2913838828574 8.28271270349873 13.2763366355279 18 18 18 18 18 16.2199687508652 4.78190099042767 3 3 3.67528747328629 6.7254434587312 6.47871561949604 4.80101706331222 3 3 3 3 3 3 3 3 3 3 3.02761849532671 3.09888688054025 3.16519646919905 3.20105512328192 3.03144056487096 3 3 3
-9999 -9999 -9999 -9999 12 9.1881869313674 3.44874949723308 7.89754926086731 5.28349208154108 3 3 3 8.59560964387445 11.3727626820365 12.3464152833727 17.5616854677549 18 16.3896746838819 12.4568367364587 5.11229217648431 9.80604161690434 14.6984728092683 16.2652985163412 11.8155248806263 9.24409719766745 13.9252099750516 18 18 18 18 18 15.9087663375367 4.47006039174832 3.65028160844081 3.91440482274226 4.44783053016609 6.84675031692227 4.14039098357288 3 3 3 3 3 3 3 3 3 3 3 3 3 3 3 3 3 3 3
12 9.46557570287167 3 3 4.60136266189316 6.97865320600602 9.20822045297466 11.540489787308 9.9192510101337 8.50663593842195 8.36950759937537 8.23208511426411 12.4581207158768 12.0727705221802 9.94643202527905 14.1432574775939 17.0141707614636 16.2707705358509 13.5374757515727 11.0155194372574 16.3425434392375 18 15.3808301296828 8.58226620212119 4.01534458132095 11.7664364060705 18 18 18 18 18 15.5544901277141 3.92465092360897 4.85429304298533 5.89434441633794 6.19061467034649 6.97474917816105 4.05638925508787 3 3 3 3 2.94960627945847 2.94804929797783 3 3 3 3 3 3 3 3 3 3 3 3 3
8.41405558052869 6.6940436400651 9.3909580941821 9.25589188501342 9.12053154726437 10.0452970755969 11.331124380834 6.98987651203716 6.42385111974467 8.74911012126932 12 12 12 9.97010438096467 8.23860293561246 11.4177648155183 16.3154449032073 18 18 18 18 18 18 17.2694634268018 10.0709592529237 14.187464662007 18 18 18 18 18 15.2475183249702 3.59830105518897 2.20241635166533 2 2.92904208452158 6.0687989749571 3.77134845057175 3 3 3 3 2.47784192934637 2.37827429361717 3 3 3.17569741235565 3.02236488146842 5.16300665679629 16.2171156688184 17.293293549619 10.9454956053548 3 3 5.56088619967055 4.79169032714423 3
10.6572069991768 10.2730618540081 12 12 12 12 11.5686140308452 8.99176237310837 4.87608690426455 4.53153042875162 7.73275705603105 11.7326136468207 9.26016295759121 10.4963851380332 11.4154188105829 6.45595570733925 15.6522292863479 18.2257774415545 18 18 18 18 15.9951297688273 12.2907988341017 12.5261987280318 16.0378996948809 18 18 18 18 16.4589052655524 13.4070949334353 8.33919600862701 3.76881329733654 2.10520369198108 2.04800560360766 2.18659618985303 2.81297558264697 3 3 3 3 3 3 3 3 12.6344502843058 11.8798157787303 5.51582585702274 16.9565202944326 18 11.1620774847403 3.79756981194462 6.51535361979309 4.26033320199732 3.27186722809403 3
12 12 12 12 12 12 12 12 5.88718553696172 5.34437432659389 7.89426648716123 7.00439372334509 4.37788227386289 7.09819333701724 9.84735490064309 6.69409590369219 15.8447961530031 18.243275137448 17.169985143511 15.567886661316 17.5769953535987 14.3911312093627 8.88913893640838 3 3 12.6883361309089 18 17.3620915215121 14.7004896580508 14.4640507160218 11.7491416916536 10.3846918500369 17.8513603522595 9.19067302421807 4.25244769162336 2.67156845092753 3.01806154845565 3.36060914376428 3.40293388603281 3.35438421317744 3.27909104800672 3.03857307390483 3 3 3 3 12.9551236282247 17.9199521397671 16.5451936829921 12.5154456319705 6.33908939227481 3.61624163566932 3.09149871383306 3.44614963477193 3.12045864976505 3 3
12 12 12 12 12 12 12 12 9.46567056506054 9.97473893225156 11.8878130947267 11.2805815408141 10.6938786899098 12.0531338461536 14.0971944012899 15.5479018251384 17.8480879509857 16.646317973682 14.2471384460595 11.9622147659309 11.8396256233411 6.48072644915309 3 3 3 9.65463085976932 15.2729572776674 16.3937806781671 9.82970543144654 8.7291068073553 11.374780382666 15.6463707873516 18 18 12.4118540725406 6.79202664087304 5.42163993058022 5.84597838869881 5.92609233740332 5.88934247543209 5.59096461893745 3.37671243512258 3.58866571544211 3.4669398813748 3.08775904672696 3.03862217048212 13.2757714136658 18 14.9094205258416 3.86238884577595 3.16500621456888 3 3 3 3 3 3
12 12 12 12 12 12 12 12 14.5427439865792 15.4466615621163 14.2250055417901 10.9797387109293 16.419631657389 18 18.1484581761258 18.5174548130781 18.5328855930698 14.722847639203 10.6377907762683 8.3346619522713 8.98410632693165 5.12930325285034 3 3 3 3 9.74532181741133 18 18 18 13.0996980680103 10.6478221803041 18 18 18 17.312736882745 15.2342316009715 7.51515925131822 6.28582434876982 5.84971817387995 4.77497508130266 3.40484316968105 12.8823768130099 13.1763191416281 6.20234508753204 5.98835825965553 14.4674216509315 11.1542271573408 3.50596458277537 3.00458070950363 3 3 3 3 3 2.51962477278287 2.45251714270364
12 12 12 12 12 12 12 12 13.8513834200614 16.3037096533787 13.9820025143027 3.01743194113413 7.83284215597202 9.40093431082796 9.66214033972473 10.2225683881604 13.2803268471958 11.9870249545718 10.2425368626228 10.3422866572455 17.0327324598129 11.9203617021567 8.49548083722717 7.30536207437837 3.27910932367196 6.38766984100937 10.038973032703 13.1083742496495 13.3773581572132 13.6468976499743 13.9169927309422 15.2726289872755 18 18 16.6862215691872 12.2475333961118 5.18551998539654 6.43466927146012 13.6676103447023 13.4431328205045 6.17204380377635 6.67789894149916 13.9165498814574 17.7936568529709 14.9694712232467 3.53134903284817 3.21677916561592 3.26677054339066 3.96213083631009 6.63639951441589 2.38109734133747 1.20203949865839 1.23525347516185 1.26853282338389 1.3018775436829 2.22417584430352 2.8813758597045
9.84123839732891 12 12 12 12 12 12 12 14.6144461782054 16.7343300744207 15.7991222660149 9.99260654838142 9.73251769156372 9.47187331010212 9.21067340095036 9.36905466835337 12.4626080492717 10.47590754112 12.4864945053677 18 18 18 15.3212756703111 10.1753435411347 2.69903751781181 9.88945352466487 7.09444214380881 1 1 1 1 5.06539376259256 14.8189388194211 17.4694890513107 10.3770821379359 5.80728066990632 8.12301788451542 16.660778093948 18 18 18 18 9.96092840670941 11.6749220767595 14.673100595806 3.20630939954908 5.18920122084257 11.75750574143 13.2993140927568 3.28432840246277 2.92598795433619 4.29092628647349 5.37452980605315 4.90660625396155 1.62034273212504 5.27736500727439 5.40225442235981
