Rnew_bats/Bats_data_products/Vegetation_existing.asc
NCOLS 434 
NROWS 250 
XLLCORNER -121.69454516 
YLLCORNER 39.36708274 
CELLSIZE 0.00381074763999997 
NODATA_value -9999 
[rows 100 to 124 of 250, columns 57 to 113 of 434]
-9999 -9999 -9999 -9999 -9999 -9999 -9999 -9999 -9999 -9999 -9999 -9999 -9999 -9999 -9999 -9999 -9999 -9999 -9999 -9999 -9999 -9999 -9999 -9999 -9999 -9999 -9999 -9999 -9999 -9999 -9999 -9999 -9999 -9999 -9999 3 4.03425288634783 10.9103472629067 12 12 12 12 8.47566864452791 7.24962884878393 6.96578567841592 5.0234859829673 5.75503373977029 4.99133731184992 4.32667150393142 4.85557497998951 4.81156659607084 9.17216423528526 9.75221303310919 4.79373724611011 3.26570718183708 3 3.79035458464315
-9999 -9999 -9999 -9999 -9999 -9999 -9999 -9999 -9999 -9999 -9999 -9999 -9999 -9999 -9999 -9999 -9999 -9999 -9999 -9999 -9999 -9999 -9999 -9999 -9999 -9999 -9999 -9999 -9999 -9999 -9999 -9999 -9999 -9999 -9999 6.69354257035121 8.35376290038326 11.55976657973 12 12 12 12 6.97595035168397 5.48177586621905 5.92228688181161 5.65278656257935 4.40156984803172 8.66546699139966 9.88934236007502 4.16694118658651 4.21094851750768 13.016816535206 13.5778773379822 3.78612894194767 3.10512117025793 3 3.82901734151554
-9999 -9999 -9999 -9999 -9999 -9999 -9999 -9999 -9999 -9999 -9999 -9999 -9999 -9999 -9999 -9999 -9999 -9999 -9999 -9999 -9999 -9999 -9999 -9999 -9999 -9999 -9999 -9999 -9999 -9999 -9999 -9999 -9999 -9999 -9999 5.2893088900936 4.58805374905832 6.37427300775949 10.2919054121941 12 12.9172752274246 16.1987794011698 8.47943634622905 5.84559160108455 8.14802022794175 13.6658206986685 6.25706171272915 11.9148581481263 13.1843576944723 3.15415185773082 4.50021202392598 8.54939769398951 8.08524970157672 3 3 3.68984531863017 4.00003879288641
-9999 -9999 -9999 -9999 -9999 -9999 -9999 -9999 -9999 -9999 -9999 -9999 -9999 -9999 -9999 -9999 -9999 -9999 -9999 -9999 -9999 -9999 -9999 -9999 -9999 -9999 -9999 -9999 8.65638454197173 4.07157070935299 2.41445922101744 7.59483096372982 18 18 8.36869553619638 3 3.3407232462932 4.8689986925096 9.89046132827531 9.59992231979325 9.42966737509975 17.9017136020477 15.2611149917431 14.1999815156569 12.3087049252117 8.03306269675741 5.64056595863115 9.2459227764327 9.27247950959115 3.2504305050758 5.100157334843 5.15928002789306 4.64457272347393 3.90159696547744 3.07847466504273 4.37804791596579 4.093666429452
-9999 -9999 -9999 -9999 -9999 -9999 -9999 -9999 -9999 -9999 -9999 -9999 -9999 -9999 -9999 -9999 -9999 -9999 -9999 -9999 -9999 -9999 -9999 -9999 -9999 -9999 -9999 9 8.94977190644616 8.37033215379258 12.7605227827626 16.4521353751718 18 18 8.09278890430082 8.03492792064357 14.7277203127205 14.8832417931105 15.9866964708743 10.9124117833754 6.07347149224972 9.54397356442716 9.71685575123956 9.89012974145039 8.52824646341057 4.94448929315066 4.98254449346076 7.37934484999177 7.49549591961067 4.79439064532156 4.96863654112089 5 6.584349590232 7.87103878526091 4.28525529376574 5.06246468632859 4.31092628056359
-9999 -9999 -9999 -9999 -9999 -9999 -9999 -9999 -9999 -9999 -9999 -9999 -9999 -9999 -9999 -9999 -9999 -9999 -9999 -9999 -9999 -9999 -9999 -9999 -9999 -9999 -9999 9 9 9 14.5978887053559 18 18 18 11.063640451855 12.2624701166973 18 18 18 14.0406700339132 8.92898163894898 6 6 5.62782965725459 5.55611070075202 6.13288772868507 7.27364980233436 7.64875795524365 6.8998802329732 5.52468213286003 6.06726469281128 4.62338810823093 7.43758474138947 11.9577093156987 11.6100802540878 6.39666816487975 7.32000110297675
-9999 -9999 -9999 -9999 -9999 -9999 -9999 -9999 -9999 -9999 -9999 -9999 -9999 -9999 -9999 -9999 -9999 -9999 -9999 -9999 -9999 -9999 -9999 -9999 -9999 -9999 -9999 -9999 9.87845395405503 15.7796191870917 12.6268798257744 9.50332511291484 8.59999268410391 10.6049617791359 7.92169759956327 7.24887582921359 8.10455328564847 8.28971119185514 9.02796319573291 12.9737433317272 13.3321870921478 5.90251099750711 4.35635575060411 3.8223331999115 3.82755772404197 4.21959659531645 5.14522900221582 6.40635982112612 6.67297455868926 6.28452557260193 6.93428674245073 4.24082055173364 7.08657431393105 12.6358490143719 14.9488660996659 9.32035867265157 11.2937504254959
-9999 -9999 -9999 -9999 -9999 -9999 -9999 -9999 -9999 -9999 -9999 -9999 -9999 -9999 -9999 -9999 -9999 -9999 -9999 -9999 -9999 -9999 -9999 -9999 -9999 -9999 -9999 -9999 11.4291541756726 8.21830282198581 13.6059818064962 12.0148656855954 5.95487196774345 5.82416612784892 5.96353316612145 5.5200399742556 5.18409793118117 5.8177487231023 12.6631071266702 16.394136187482 14.1720284092029 5.07555669109063 2.28763304742738 3.24674525231478 3.81930824493577 3.4609048512633 6.24653731181174 6.85065536799431 7 7.20407134215676 8.04152386606474 4.47678807639732 5.53022577275593 8.69112995441078 9.53481058941361 8.14928663629496 10.0450506310432
-9999 -9999 -9999 -9999 -9999 -9999 -9999 -9999 -9999 -9999 -9999 -9999 -9999 -9999 -9999 -9999 -9999 -9999 -9999 -9999 -9999 -9999 -9999 -9999 -9999 -9999 -9999 -9999 12.6372386368021 15.7762852903975 10.0347744734152 6.77172438779302 5.7946564828759 5.03030781734087 8.57678846125433 12.3351501094611 12.4142294047592 6.08714625245804 8.68161643522555 9.55996772387848 7.55540454631645 3.43616086104672 7.46986509055088 5.40850778518072 3.4589875436955 3.50128989585124 6.25426999537984 6.4903334857996 7.17471604202771 8.29293221348592 8.96684332901256 6.94306731235865 5.04487736886748 4.2577198377704 5.01734600338365 3.45490904456335 5.69613600288276
-9999 -9999 -9999 -9999 -9999 -9999 -9999 -9999 -9999 -9999 -9999 -9999 -9999 -9999 -9999 -9999 -9999 -9999 -9999 -9999 -9999 -9999 -9999 -9999 -9999 -9999 -9999 -9999 18 18 9.53892927973713 8.12714382063452 11.7931120047732 15.1018280199511 8.52039763580088 12.4351420902656 14.4177534066188 5.30863094084554 5.86507212717678 4.80098382684433 4.90916160490296 6.46259885975496 5.05182860885791 4.53509133587725 4.74208380876086 5.17101202516678 3.92789923775917 5.32928590825603 8.13202081178395 9.44996988440419 5.33862429466802 5.73856185625901 4.44534916858185 3 3 3 3
-9999 -9999 -9999 -9999 -9999 -9999 -9999 -9999 -9999 -9999 -9999 -9999 -9999 -9999 -9999 -9999 -9999 3 3 3 3 3 -9999 -9999 -9999 -9999 -9999 -9999 18 18 12.9338335347309 11.3788103008104 13.4516719071448 17.9812309785964 15.5902137749224 11.6741094554896 7.30253466775179 3.09730143848626 6.0493112025283 4.5011970675323 3.69918112405582 4.87133111998639 3.75679706014673 3.25278292941548 4.74905234451155 6.71391886805223 5.44137976484391 4.17031274336378 5.28555421326478 6.0253672058004 2.52962080007415 2.8864045137111 3 3 3 3 3
-9999 -9999 -9999 -9999 -9999 -9999 -9999 -9999 -9999 -9999 -9999 -9999 -9999 -9999 -9999 -9999 -9999 -9999 3 3 3 3 3 -9999 -9999 -9999 -9999 -9999 10.6151928528811 7.44800734453654 10.1972689340462 11.5994731666367 10.9217331554604 8.17271902141839 12.3783325436698 8.15452957255393 5.54938415136682 8.92073976046841 7.29830195061254 7.05183739438872 6.99872495135044 6.46043825621667 4.01923564107537 2.9968059587145 4.51443844675543 7 7 3.77406136986438 2.77163755435859 3 3 3 3 3 3 3 3
-9999 -9999 -9999 -9999 -9999 -9999 -9999 -9999 -9999 -9999 -9999 -9999 -9999 -9999 -9999 -9999 -9999 -9999 3 3 3 3 3 -9999 -9999 -9999 -9999 -9999 5.57250193301854 5.81014360149915 6.6964063118139 12.0288008329335 16.1932940906122 14.9348802079113 16.1227218761138 9.97955198381015 6.24943649183493 8.05602045498401 4.82901821664808 4.71867230436011 5.56652448154639 5.87694044250591 3.26535193730722 6.81399896950835 7.77230516252521 7 7 5.67943287356457 6.28192092669604 6.06320690900843 3.16402974487901 6.21166694373039 4.6701320757857 3 3 3 3
-9999 -9999 -9999 6 6 4.03860361228977 3 3 3 3 3 3 3 3 3 5.69412269106602 -9999 3 3 3 3 3 3 -9999 -9999 -9999 -9999 -9999 -9999 5.99745129078716 5.39094052002065 7.04522450582574 11.5431335030962 18 18 10.4869446845656 7.15612158028828 9.57777048315345 3.85692662549673 3 4.36516225692141 5.69166865984532 3.18675184621496 7.21307627813583 6.95337560961689 5.23017414080295 7 7 7.98435284152922 7.78799875852332 5.13849222283024 6.69679633756036 4.72400023836614 3 3.2097302293988 4.52526140767903 3.59066856433104
-9999 3 3.94387685473719 5.54196517600987 5.58145442574113 3.8624559300149 3 3 3 3 3 3 3.00229202530894 3.04626806219796 3.00817815784805 5.85228894454707 11.2663240116535 4.38493469238349 3 3 3 3 5.00734874225222 4.69885022890102 3.39663438076671 4.92583609613614 5 5.49212053888383 5.74327782677995 5.22172341128429 13.0287465053177 9.63522341409927 6.15858598370155 8.39264195478034 9.13310029345256 5.85609297792388 4.37953543411818 5.42920474779941 3.28659145238014 3.87856964352603 4.34680185296807 4.19057045242622 3.05977348504592 4.15922188178739 3.843458584432 4.31153058172656 8.14714339503917 9.36184120825277 8.19120218575784 7 6.84355386925865 5.2609192646322 4.87721522593877 4.81816540374717 4.82476172255689 5.24090143267385 3.78892752205957
3.68121133276344 3.40624043243443 3.19177604306473 3.04610574437859 3.24376815465331 3.07410221042539 3 3 3 3 3 3 3.11861213888911 5.3865223559081 4.28858768488214 3.04503047397886 3.23117329784982 3.05161481322531 3 3 3 3 3.22778577016575 9.13681228650852 15.9879035477632 16.0185781873767 8.38105898809213 5.91195135575515 5.7251544616681 5.51336739077827 15.4537461749378 11.0405638338829 5.75017823272659 5.54539488743773 4.09337277529244 3.32670854216241 3 3 3 3.47916414597552 3.39953880509049 3 3 3 3 4.02500198708279 6.85327581436824 7.97965095597845 7.58626540458388 7 6.80924951099999 5.35747044517563 6.30986429291287 7 6.64643482886982 4.85527925227867 3.50723249973855
6 5.14161347923896 4.00006957595016 3.30335955559804 4.64701092587966 3.52391872253024 3 3 3 3 3 3 3 3 3.01109437065589 3 3 3 3 3 3.31917665779852 4.68422127805571 3.52061074539247 4.74376917780271 6.89339325485864 7.07341481149949 6.29641895217036 4.28263634409258 3.4480146620898 5.74950296136458 15.6904324688758 10.95566272735 6.78361301402212 8.85410285183221 13.0534465174692 7.62494912359744 4.37205293301791 4.10823823400123 3.07910493827963 3 3 3 3 3 5.71425011948903 8.26975358641075 8.79513986866142 8.69317864849321 7.65747580634578 7 6.76016077053102 5.12914816417034 6.22620908012882 6.2788194563096 5.59825871299485 6.90096897991286 4.18282556123232
3 3 3 3.0502003728048 3.22395424862726 3.05759365100597 3 3 3 3 3 3.01483949117486 3.01933192041722 3 3 3 3 3 3 3 3.38653074343573 4.91598457371179 3.55456108308984 3.97489377425566 5.21354920015979 5.83580634283606 5.96049770216697 5.57425610764794 5.35980373251072 5.99679700904722 8.35017739868351 8.5483417231941 7.4113946143475 6.55131989103032 9.18107463685648 5.65386355423867 3.64298600713305 3.54142970110082 3.02912762116339 3 3 3 3.02052431345435 3.90428112540009 8.43198844709005 12 11.5923312782762 7.62619999585601 5.4474799640478 5.45492512646843 7.38624683462031 9.49184417425324 11.7591975576085 9.22897768273425 5.12137893357927 6.90166545582931 5.22724497324693
3 3 2.9395864569049 3.27171744568881 4.73351105859732 3.47081232007808 3 3 3 3 3 3.6562671066675 4.81419891887526 3.28166728018578 3 3 3 3 3 3.81048530988899 4.45581858513295 3.27552005779848 1.78502526237156 6.18462051632503 9.55825180025607 6.17282375902817 9.89395158711401 8.08461185147878 6 6 6 6.48318323891652 6.3940923020641 5.75735980184361 5.97529962493372 4.88760635226336 3.74159489525992 3.27866931913825 4.25531230914045 4.72226478306057 3.90882021600417 3 3.11421878390341 5.51553589769393 9.44227686802391 12 11.0988312866192 3.84168182373849 5.29761734396354 6.89826464093421 7.20255472210538 8.34196447039744 16.3976072412927 14.16858650824 7 7 5.87075539499005
3.43176296844694 3.12820612460445 2.59698243404369 2.31597316165289 2.99270064373507 3.13419061986014 3.03285847049499 2.95561871264514 3 3 3 3.68496669107388 4.77931905750725 3.24969988121285 3 3 3 3 4.91758343308503 5.37603741300165 5.15114491296037 5.61543774948331 5.36482339301295 8.77150671834099 10.9904062064517 8.90088437966592 15.2907779602894 16.0073995285657 12.0792722604061 6 6 6 5.70722373631548 5.29401423088773 5.30815476372265 5.57143334968592 4.11364345874916 2.66233748061994 3.72390732003045 4.99085957840534 4.1367454120177 4.5445734850026 8.13234011116875 7.19271349655249 8.31880405249606 8.58319387340572 6.83055557847539 3.53975982832993 7.21444851598577 8.55034474659738 7.02606609543693 7.01703878216893 12.1588536698435 11.0341286335188 7 7 5.08684375764285
5.84872571571367 3.8567274176135 3 3 3.01625225663469 4.42207055036832 3.43107012150839 2.41771783880035 3 3 3 3.00140555037899 3.02116233038631 3.00549432187089 1.7364142754049 1.90543422779396 3 3 5.15068321318835 5.51825213880432 6.54764596256377 11.1341054339665 7.14330527868992 11.9681879537251 16.7841968761397 16.4146237826133 17.6991839486617 18 16.9855730086937 13.7780250228743 6.26887887800847 11.5080657079939 9.58477472409118 3.30215417918938 4.90675566142454 5.23730642291223 4.67755678167241 4.01439098820981 4.27410583577282 5.30645696251428 7.1160082932085 9.41402398523136 11.8420940480967 10.1372477523628 9.70563176746559 7.96720425701251 4.77617208853692 3.20348862368189 7.25043559127383 8.34058271443143 7.96167469947788 11.7859844275687 12.3717488352111 9.73109650563068 7 7 7
-9999 -9999 3 3 3 3 4.04458554416497 4.29448764569656 3.00579460778668 3.03488313176074 3.01870018017393 4.13384747049885 5.51393331429518 3.26073848160241 2.93708559623035 2.93265049649846 3.56911942644546 5.65522406695955 5.91967664776321 5.94279527376452 6.10906185916069 6.9773466331813 10.2154823083658 14.9060909949861 14.8249017363909 8.36538632655103 8.53193152408298 14.4530792333896 16.2483411306671 13.6945531920558 14.4505428828191 16.8251632465322 15.9086692139499 11.522948003658 5.87026634867662 11.5296668401169 13.4295006178893 11.2075318139526 5.61210828631773 5.43717102596358 9.11534969394233 10.300836409667 7.40398572426997 11.2949196352463 12 11.0698021160772 8.83923947992742 5.33420404186695 9.73970163096434 10.7962676338761 10.5704365160329 15.3021739703731 13.5417450740324 10.0458996475721 7 7 7
-9999 -9999 3 3.051432981134 3.15169074503288 3.02535886747939 3 3 3.20852217263738 4.74694738101176 5.63177566667205 4.7984026405424 2.91007782931045 2.11894395434903 2.7091698164996 4.27954229634685 5.81056639989045 5.99639919375253 6 6 6 6.52285941200246 14.9492034175678 11.8525228913563 7.50673531601323 6 6 9.24214290033483 9.41277882461529 7.94534582047237 13.1857921188448 10.2610570781576 13.1163751572159 17.1400036975348 14.0657918528463 16.9912208034407 13.6574999844306 8.75075500607123 5.98019810554705 5.67202942741305 9.3114305732742 10.6593876614652 8.43889864438339 11.4864603734787 8.96617524441157 8.22589853228554 9.50968978493705 9.42374691718748 11.203266248768 13.6878990915816 16.5437329555561 19.9786740213386 8.31901496919727 5.85005604036487 7 7 7
-9999 -9999 3 3.54043782457944 4.7446517497626 3.32905784821506 3 3 3.35826349997395 5.6506347115295 5.35224690553545 4.18224418378838 2.9937468848871 2.9544698046906 4.31464175317883 10.6678102976749 14.3107054905498 6.05368311025898 14.1683698104074 16.4449763393378 12.9403684597793 5.33396852436469 7.55917114422003 6.89701074390324 5.7115162091741 5.31051552335492 5.91472177132689 9.45741352912399 10.811967821945 9.25389428498903 5.76259798347366 5.18923078639479 6.27124569827811 8.19238490982625 9.39720044084392 9.58143373913277 7.19406022317464 5.30463726531026 6 6 7.52452806451098 9.85787721447968 12 12 6.06413004436617 5.76807236387319 9.46751844758811 9.61373962706163 11.3543003913579 15.8758444767727 18.6019352316564 14.5132944810267 10.5940023164517 7.21497808348998 5.97210323997489 6.893645408609 5.85022807367304
8.89630074018264 4.30619095456454 3 3 3 3 3 3.13699524713099 3.41712629394812 4.80679949639555 5.00513595733721 10.4354172719944 17.3661802871225 17.1643770183718 8.25892687120209 5.52966125841319 6.18666777065339 6.02982800292881 7.16697130961501 7.64537689952747 7.18676179144431 6.26376610492479 10.1526146510603 7.87721499525252 5.92223131102275 5.81168005174397 5.97847393088216 13.075242243815 14.4909533063667 12.3792411173512 13.6056539613214 10.8297789338953 9.46106977326061 7.95920614566097 5 5 5 5.12549757633165 5.40265213239604 5.4169541142111 5.78287329559631 8.29944817915451 12 12 9.01495865888558 7.4964812084739 7.12212874174304 5.20095801826006 12.8937723994698 14.017673822526 11.242129031563 7.06410722325593 8.64386154315114 5.70829951832595 4.31455185942928 6.75637296329493 4.71557164690127
