Rnew_bats/Bats_data_products/Vegetation_existing.asc
NCOLS 434 
NROWS 250 
XLLCORNER -121.69454516 
YLLCORNER 39.36708274 
CELLSIZE 0.00381074763999997 
NODATA_value -9999 
[rows 50 to 74 of 250, columns 228 to 284 of 434]
5.86990446211986 4.37301856051968 4 4 4 4 4 9.31157719179697 17.6770542257537 15.7306839714183 8.43523976622916 5.10564087770359 7.06923696108352 14.1191585961985 14.1283226421287 15.7901276309888 15.977429330396 9.71756258934774 16.074531179781 10.1618432202408 3 3 3 4.09021044762418 5.65736650874798 6.81806649315786 5.41223934038819 6.32133907702803 7 7 7 7 7 6.75252210977933 5.83323686567214 5.8529777120834 6.43988427525644 7 7 6.36887314156953 10.9275594274042 16.4429978413004 18.8125703564295 18.1667075866094 9.43617383950893 7.99292110884956 18 18 18 17.9785083549752 18.0080157238069 17.9411943469331 17.890672164083 16.6395123580181 15.031633857284 16.1488297899179 16.0453861914213
4.97396271265293 4.17891506326426 4 4 4 4 4 5.01213696961634 6.7699322666193 7.03506184149802 12.5677739802935 14.6880688447818 15.2017991708265 17.9079663955684 13.4313520665299 14.9885870265892 14.2572206797857 3.85284860325634 7.74759601607161 5.76809339252942 3 3 3 3 6.37774949936266 11.1298492796442 4.06888137403792 4.44975571649505 6.00785202450776 7 7 6.00913228125642 5.64556142011904 5.13781574872912 3.06363446770373 3.82604889660532 5.5227724546035 6.74764122511034 6.06434435499538 4.31040288507213 3.32442622432075 6.92097584498585 15.9628033164262 16.8027272560602 9.57526521494551 9.15211065974453 18 18 18 14.3409694538616 9.19271228701603 9.37552127515159 15.4082735838231 17.9249800740206 14.8748381928229 4.87998512504198 5.08214031986367
16.0296365511021 5.87107898735834 4 4 4 4 11.7691747233444 10.5085841036725 6.12087080179498 14.3465364078346 17.0284854384935 12.7247254888918 7.73301878550344 9.60741989016673 13.8694993784848 10.9985662122123 6.7371766087212 4.18546718412378 3.22855321099749 3 3 3 3 3.31490809280934 9.04396495708538 15.8268045392757 4.39653038690651 3 4.01742557868962 6.56860251642706 10.8256993127932 5.22434576370127 3 3 3.00865986480056 5.22812655598224 5.99156983756868 5.45169414397305 4.01060282791774 6.39649157787382 4.6992388853929 3 3.71376280222468 9.03917829894464 14.9227279384694 18 18 18 18 17.9666856531706 16.032346032163 9.36397835631556 15.4754617644036 18 17.5971811994013 15.9666639541878 5.95887091674239
16.3362801061769 5.66754563816577 4 4 6.01762141732655 14.9771060628409 10.4005990917682 7.0959495519224 8.24936022903907 17.7173481452345 18 15.9721039905014 13.8984350024553 14.4017283226242 17.1670158178612 9.56495994359152 5.94487756875762 12.9471992171607 12.0793017414972 6.48139627028953 3 3 3 3.32318966466301 6.4890740805449 9.70956046312264 3.56714940741537 7.39431469926655 9.03510139553977 10.7642243940465 17.8142590413825 7.62590321060824 3.4811194516978 3 3 3 2.86469962980049 3.82269435096316 6.24336278438433 6.88093528873308 4.99219971091699 3.36956357928731 4.64481873326751 14.9128583549049 17.553316457349 18 18 18 18 18 17.9276588445566 17.4993255953943 17.8242586576079 18 18 17.5165762456521 6.08550395738072
15.996049989005 5.32671901978428 4 9.25481201453921 16.3620397270359 17.8938195014586 9.41142391564808 6 8.87890958126808 17.9801478886663 10.6298160546679 13.5470278914779 18 18 18 12.7249570017309 11.7962523755527 17.0985483523172 10.3935351186032 5.4329487565888 3 4.17280837994803 9.98048440667008 5.42688960328442 3 4.33067613798891 9.23483608444353 15.5392696407191 18 16.6261044188768 12.6169347803126 6.83834533477947 3.96321478196523 3 3 3 2.55855676787263 2.48419130920513 3.41195692566251 6.46038908038784 6.60442819410566 5.10640410518811 3.2672759510108 4.33773656871197 12.7260506054161 17.5156721063633 18 18 18 18 18 18 18 10.819679086352 4.87611339230021 5.05423049626706 3.44571264508357
4.90039440206705 4.09457204612273 12.5739363353646 16.9802493852634 18 18 10.9160879839538 11.9522460847889 13.3351573204337 8.11891182883713 5.72875079270792 12.1626386906285 18 18 18 16.7021206861852 16.5447737053368 17.2586048427758 12.4397630109334 11.4351675369081 11.1457283754197 12.0874652890635 17.5133716360373 7.5496389517095 6.20408246010405 10.0486444379013 11.5640530581382 16.4446683217756 15.0505890243054 9.92544588989512 3 3 3 3 3 3 3 3 3.51563436895868 6.56423698184315 4.38715899418145 3 5.66269986097999 17.0949808772852 8.21101650403287 10.0136210647119 17.6532638465694 17.9982959663198 18 18 18 17.6916403888103 11.4679830308814 13.5500060999435 11.8049491344919 3 3
4 4 5.2237033583623 5.97119863956149 6.23400783075274 6.49520389772627 6.01748145996483 6.88923990869396 10.0474453910015 14.698999774299 14.4524111080347 16.3900984413468 18 18 18 18 18 18 18 12.0226534952028 13.161430364959 18 18 7.17046644423909 10.262354115757 15.9257384233566 9.30818057094734 11.3150836469132 7.34332521649141 3 3 3 3 3 3 3 3 3.71591502438374 4.89596191885448 6.19251163673696 4.0998571878426 3 5.73991846415084 16.2874267708637 17.7440991745664 10.9604746974762 7.0375908202295 18 18 18 18 17.9550821446337 17.2636417528705 17.556711322093 17.2656689684647 15.595066464251 15.2879656888124
6.74588705278341 16.1783230381742 7.16279722152126 4 4.22068406310276 4.77502454288547 3.70122651631921 9.87168956994308 15.837585757875 18 18 18 14.291188041105 8.06128978855168 8.34777136165754 14.7166560817112 18 18 18 12.9440906329915 13.9278589192705 18 18 12.0607563090508 13.9582877732129 18 17.7005368507309 10.7415705377562 5.46851758386016 3 3.02763213768638 3.26519023069537 3.11548715323267 3 3 3 3 6.03139180722226 9.08080760205597 3.43346472430608 3 3.80949776065727 4.10271082492605 3.00913227677221 13.6867782206226 17.744708424823 18 18 18 18 18 18 18 18 18 16.2672343030938 7.02814318706603
14.3444397447568 7.44177014050408 14.0984888786086 10.4798606166162 8.5685652918581 14.9261518898865 6.56073430914703 6.53413523119946 11.5486711927586 18 18 18 12.1869575421838 3 3 13.1151844737532 18 18 18 18 18 18 17.9357844982196 13.3532375220931 15.3192201211957 18 18 18 9.24166698385612 3 3.60340552719827 7.60547099672851 4.84006584210643 3 2.92210436297425 2.5816038773585 4.99220945562346 4.56489745545747 3 3 3 10.4023620102786 14.501138505744 4.01959392007407 3.71839696208431 11.3297645564207 18 18 18 18 18 18 18 18 18 15.5184465333706 4.08417803260793
9.12307270561994 16.5327946621094 17.634901663032 11.381445394503 9.76626323630151 17.8013099927282 15.6073621815243 14.9011430844191 15.8698209468188 18 18 18 15.939071283469 12.7158898702926 12.4294215388663 16.2385037844738 13.9126137330284 11.3511253458727 17.8858980901245 18 14.8530637045736 13.6910616428484 17.5388139429856 7.62871253520684 12.2813933540029 18 18 18 12.1301091038999 6.1877315242895 5.01014217473382 16.4449161770898 9.77577916057137 4.13408498101639 2.72520248776487 3.3733814418991 11.9772151908376 10.0542697987923 3.9292170472543 5.09961112485508 3.62185233821213 10.8896350767222 17.7273742999541 17.2706183164655 17.481598824128 17.8858333871843 18 18 18 18 18 18 18 18 18 17.4740506852477 15.0935023609505
13.6162220208218 7.30781533715567 15.9447612837742 16.821391523367 16.4969418770472 18 18 18 18 18 18 18 18 18 18 18 10.7015687963191 6.73377162386471 18 18 11.2969692122345 9.23872106056555 17.5795781621021 12.0921201239281 14.9194824233825 18 18 18 18 14.0128120865035 8.57177068580152 13.1387346653291 10.9325846886446 6.28156085341216 3.69447836863899 10.2639762170206 7.23821413880157 6.51475632587561 9.78262719594161 17.7651690453318 8.97077496140943 12.6429798148162 14.2822866450913 5.88029516407861 5.16180503680419 12.7353596800168 18 18 18 18 18 15.5858392369777 5.01342000433132 13.8336271019342 18 15.3426016962099 6.38063035922741
17.5038898624112 16.3113529486223 17.6646501609355 18 18 18 18 18 18 18 18 18 18 18 18 18 10.3270188990862 7.10896034090975 18 18 14.3417449341312 13.4198168713471 18 18 18 18 18 18 18 15.949336717323 12.3535137113979 7.60147891352345 6.96648513711574 7.38423418119791 7.29076692597965 5.21215929011972 5.80413656479273 9.65021432214752 14.3315837991512 18 18 18 13.9434888328393 5.59447881133216 5.33345955904866 13.1033036779106 18 18 18 18 18 14.8689472456718 2.67037247491501 3.80447792034228 5.22840367134667 5.2342305819652 3
14.4737261513215 8.79709940954327 16.623572382643 18 18 16.9533158441841 11.7759669166485 15.8344227049967 13.2777552197635 9.57592233657074 17.609523031382 18 18 18 18 18 14.5238977090543 11.1228476509442 11.5374438920588 16.8311109473112 18 18 17.396584819712 13.4607735899994 16.1936839221579 18 18 18 15.238432794219 11.3086347701978 9.73166129693148 17.9780048771094 16.3664326381283 16.9280091719092 15.5540901392691 8.31866677532733 6.45826068485376 12.5740548386359 17.6140310981106 16.9353175385081 17.1148412332108 17.1073102149113 17.2413372354179 17.5019251363685 17.7629383423444 17.9914055957058 18 18 18 18 18.4123847209934 15.1276081086183 2.25953932315326 2 2.09392495002369 2.42105336603836 3
7.04707921040579 7.49100077507808 16.640745359073 18 18 16.4324976249152 9.57017714177783 15.2921463656997 16.0127764975749 14.439352890884 17.9345520605515 18 18 18 18 18 14.2227472550642 9.39625220274331 5.58200967683193 10.9124531090015 15.7446613804053 16.4375478324399 12.9049442807327 6.826296220559 10.7128549911777 15.3263683672963 17.1789819899858 14.0413392629234 8.32766053189835 10.8082816395912 16.0248511446949 15.5005206774011 10.0428472234938 11.8200891565285 15.5089804829118 15.8136149617613 8.39075834113915 12.2990993610366 14.1928951578107 9.09847543947263 9.70478371288292 6.74566376316288 5.25573093991346 5.40166381771793 5.14065666270809 5.12077579045221 10.8854561608727 18 18 18 11.9989605416344 8.64938743208569 16.2731367545062 5.18932962415575 2 2.29859258069816 3
10.6533029297712 4.21894245392304 16.569336327948 18 18 17.5747641054493 15.7796631501369 17.3148518000079 18 18 18 18 18 18 18 18 10.9628384426274 8.07350208505767 11.7461574426841 11.8826182627954 15.7155208988901 16.0494022818683 12.6651994238674 11.1502595592159 7.49929446208763 10.3679874490677 13.7578007338254 6.25653853609664 6 8.09369251685715 9.03481497930849 5.50819023734693 6.46846674698105 5.3846065149737 5.82942850732861 9 9 9 9 10.0055731073389 16.3176058057662 9.35367293038712 10.3589685884482 18 18 17.7828181866414 17.742458339379 18 18 18 13.0855653244221 7.21971489999229 4.59139566839724 2.6073703570065 2.4506113413542 2.85181580137638 3
16.9425557172078 15.6060259966028 17.7926830749127 18 18 18 18 18 18 18 18 18 18 18 18 18 14.6674094804284 14.4433833765656 18 18 18 18 18 18 12.7996262596987 10.1332016737566 8.96452199231428 6.00132335157693 8.86559509847608 8.1371549740506 6.40500228273012 5.45840263863963 8.28271443291435 5.83988259482538 4.93944153170081 8.2104891524509 8.89323005693604 9 9 8.95661811423005 8.79153929849667 6.28044717090045 10.7181478912411 17.958053098672 18 18 18 18 17.7983141290112 6.88124478334568 10.9391502932032 12.2613461468166 2.85547179100685 12.7643161031249 14.8164775225881 10.2433063385147 2.33358866032502
13.2485131680773 7.31005461300284 7.55318488086006 15.1679182720368 12.4261661443897 9.56653514235663 18 18 18 18 18 18 18 15.3009508061465 11.3369528515495 17.0849469763499 13.5465847697896 13.9437014787067 18 18 18 18 18 18 14.3208217781383 9.45005891593317 6.83207527364879 10.0346267413901 14.0633442075122 11.8884723826932 9 9 9 8.37635440643953 6.65326828215238 4.9676878726399 9.64552365630362 8.9848812655147 8.45732537102987 8.08994289006329 6.09722693412146 6.3955681357334 11.7567726892697 15.0747048956744 5.28217812111785 5.41001512463851 12.0189884982686 18 17.4677110286635 7.29424852165795 12.1765381261583 17.1977799180248 14.8055244999825 11.3529762018558 15.2823894027829 12.2343702914856 2.78106673005416
14.3007414647485 15.593259885338 15.3501352751327 10.3001270607494 11.690024660625 15.1598353943211 18 18 18 18 18 18 18 16.0017198254052 12.4644613781867 12.9583604237738 7.78466118192116 10.511536839155 18 18 18 18 16.8178094903685 13.2500567592585 7.30123823103338 5.16949751423937 8.74226523109193 17.5452831865744 10.6813622355584 9 8.56124969171605 7.80208677941751 7.9005021731351 5.49375017088493 5.30191836494892 8.74483530542291 17.0445712222053 9.66731540192602 5.41559858313 5.33927179099076 5.82270725180456 14.2277457463879 17.8591005005427 18 17.7549657515128 17.4935575874414 17.6474261313854 18 17.9141123295354 16.7096809941161 17.2570320718031 15.3215903464594 10.4353510884236 9.21754404588902 14.7817030418286 16.5305383107544 12.2092006967586
13.8684452786149 10.1376085487449 8.59452004450731 13.7575944037884 11.3942972371674 11.3027949636438 17.4497161440725 10.5760178403392 14.3513036143335 18 18 18 18 18 17.3654844238678 14.1982960662742 12.4031536839314 14.4489230288267 18 18 18 18 14.8505835304497 6 6 6.21926582863309 8.63479806050677 13.5857909962566 9.84174853663038 8.18389261654005 6.37906038576521 4.02942657752756 4.18898722680244 4.0670504026015 9.80802494536239 18 18 18 18 18.2115270870001 18.9377248566447 8.43864824612739 11.7143984688444 18 18 18 18 18 18 18 18 17.4251409204264 16.3075856015658 16.124259630802 17.3183210590254 18 15.0839136061232
11.1232412957747 16.0377956159628 15.4618318868264 17.417714480704 11.1564168582032 9.66664064568679 16.9099852548626 6.99441999254671 12.921149667134 18 18 18 12.9144650167426 13.6988196864024 18 18 18 14.7031897813273 12.8960001382988 17.9964006276993 18 18 14.5480699727982 6.05761155921207 6.88207976721504 8.16297544915263 7.53622853227496 4.97943220145838 7.19267856534727 5.37316740227878 4 4.5974248401532 7.35440773943809 6.85716153108061 11.4649791082028 18 18 18 18 18 17.7885467711721 8.13056530153789 12.0914283110672 18 18 18 18 18 18 18 18 18 18 18 18 18 17.0810412238334
12.7919322860123 9.93345919899601 7.93994793650645 8.18348065864595 7.01268326213756 7.17135338679503 9.11516711722481 5.62384500561771 9.47007515975666 12.2217261714824 12.6905039940735 14.2346942682324 7.98879869960999 7.5267382140171 10.8903986943887 11.1390329596656 16.2555974630101 14.4333946948859 12.5240825967979 18 18 15.27823118236 11.0053065436493 6.14216917742768 7.62447805949733 7.59339724325901 6.17756379516402 4.03749299037742 4.2456621781747 6.43249217358158 7.31739034804168 8.99206565948506 17.3341196142984 18 18 18 18 18 18 18 18 18 17.9944468267745 13.7823763377221 6.70856142818826 16.254616793676 18 18 18 18 18 18 18 18 18 15.8588224388619 14.7706655569897
12.378525523523 12.0375851415229 3.46717798455962 3.50464368262781 4.14943242820907 5.10536649538746 6.23458347840297 7.51347815165818 12.4001141626848 14.7113491614391 13.7325690920619 10.4305212514844 8.16839955061661 9.61020633915887 10.4886124713681 5.53095601421771 10.0553876297339 11.4816651794711 11.6540490204181 12.2564288762157 12.8298294206898 9.03326701535492 6 5.92611006520705 5.4010326523136 4.70750760645896 4.18794653497075 4.72263271480331 8.11169651039579 14.8556135461808 18 18 18 18 18 18 18 18 18 18 18 18 18 13.3524774875718 5.07591231550516 5.78798385446382 13.8065777301639 18 18 18 18 18 18 18 12.9534769573392 13.9640660352298 16.7288598689895
16.8886608480467 16.8557541379565 14.3845694514963 14.1035832801987 13.9980502926748 14.0720866200401 13.709543531126 11.2328847424689 15.7624752635626 18 17.263451620592 14.407297611777 14.1315811095262 13.5023257120219 11.7497991519422 7.46788776907305 5.14269047706466 4.23700998035125 4.16983119035824 4.6060367810429 5.07168165593133 5.20507268719093 5.93057367834247 6.68812348128462 4.33494186192763 4.443377992087 6.15356363862739 9.72025755358975 17.3846225976667 18 18 18 18 18 18 18 18 18 18 18 18 18 18 17.8211067735682 17.2726925291888 17.0113148305398 17.590126330595 18 16.4614839466548 10.7082385267233 10.5936590179133 10.776379108726 10.9593935899507 11.1161781497625 9.5228164700568 10.3508390819231 13.5925087711283
18 18 18 18 10.9725009586549 11.9413858650055 17.6467494873296 16.0585883101293 17.3663792931979 18 18 18 18 15.8550183298128 12.3747909655523 8.75946048670411 4.94491516916782 7.75327841985477 10.2705367242354 10.0009642162498 9.73093387782172 10.4364106131174 11.8946034902402 13.0757638923852 10.2600152349608 9.62360451423024 13.1139241083821 18 18 18 18 18 18 18 18 18 18 18 17.797980197489 17.8587559017711 18 18 18 18 18 18 18 18 17.7093451939447 16.5408962809084 10.8339104853191 9 9 9.26414874454588 14.2975949193693 15.4230524629258 16.1436012046147
7.95352006568242 12.896141866526 16.2736764808546 8.01597938003331 4.40586265906744 9.65268419236549 18 18 18 18 18 18 18 18 15.2094757649547 9.14400514715947 10.4246645822319 14.9660071733413 18 18 18 19.6070302292268 20.5470134851872 20.6245556279872 20.7022285799395 17.7802610543246 17.3911206571794 18 18 18 18 18 18 18 17.3419741655921 17.0218455872853 17.2761814295236 17.9117957795146 14.4572334355217 14.4117654896505 18 18 18 18 18 18 18 18 18 17.979051065272 16.6587902524217 16.0900934370068 15.907087510164 15.8726924113364 17.5778554333007 18 18
